   1   100   100   100   150   100    50   100 
   2   100   100   100   100   125    50   125 
   3   125   125   100   100   100    50   100 
   4   100   100   125   100   100  62.5 112.5 
   5 112.5   100   100   125 112.5    50   100 
   6   100 112.5 112.5   100 112.5    50 112.5 
   7 112.5 112.5   100 106.25 106.25 56.25 106.25 
   8 106.25 106.25 112.5 106.25 103.125 56.25 109.375 
   9 109.375 103.125 106.25 112.5 109.375 53.125 106.25 
  10 106.25 109.375 109.375 106.25 109.375 51.5625 107.812 
  11 107.812 109.375 106.25 106.25 107.812 54.6875 107.812 
  12 107.812 107.812 107.812 107.812 106.25 54.6875 107.812 
  13 107.812 106.25 107.812 108.594 107.812 53.9062 107.812 
  14 107.812 107.812 107.812 107.812 108.203 53.125 107.422 
  15 107.422 108.203 107.812 107.031 107.812 53.9062 107.812 
  16 107.812 107.812 107.422 107.812 107.422 54.1016 107.617 
  17 107.617 107.422 107.812 107.812 107.617 53.9062 107.812 
  18 107.812 107.617 107.617 107.812 107.812 53.7109 107.617 
  19 107.617 107.812 107.812 107.52 107.715 53.8086 107.715 
  20 107.715 107.715 107.617 107.715 107.666 53.9062 107.666 
  21 107.666 107.666 107.715 107.715 107.666 53.8574 107.715 
  22 107.715 107.666 107.666 107.715 107.715 53.833 107.69 
  23 107.69 107.715 107.715 107.666 107.69 53.833 107.69 
  24 107.69 107.69 107.69 107.69 107.69 53.8574 107.69 
  25 107.69 107.69 107.69 107.703 107.69 53.8452 107.69 
  26 107.69 107.69 107.69 107.69 107.697 53.8452 107.697 
  27 107.697 107.697 107.69 107.69 107.69 53.8452 107.69 
  28 107.69 107.69 107.697 107.69 107.69 53.8483 107.693 
  29 107.693 107.69 107.69 107.697 107.693 53.8452 107.69 
  30 107.69 107.693 107.693 107.69 107.693 53.8452 107.693 
  31 107.693 107.693 107.69 107.692 107.692 53.8467 107.692 
  32 107.692 107.692 107.693 107.692 107.691 53.8467 107.693 
  33 107.693 107.691 107.692 107.693 107.693 53.846 107.692 
  34 107.692 107.693 107.693 107.692 107.693 53.8456 107.692 
  35 107.692 107.693 107.692 107.692 107.692 53.8464 107.692 
  36 107.692 107.692 107.692 107.692 107.692 53.8464 107.692 
  37 107.692 107.692 107.692 107.693 107.692 53.8462 107.692 
  38 107.692 107.692 107.692 107.692 107.692 53.846 107.692 
  39 107.692 107.692 107.692 107.692 107.692 53.8462 107.692 
  40 107.692 107.692 107.692 107.692 107.692 53.8462 107.692 
  41 107.692 107.692 107.692 107.692 107.692 53.8462 107.692 
  42 107.692 107.692 107.692 107.692 107.692 53.8461 107.692 
  43 107.692 107.692 107.692 107.692 107.692 53.8461 107.692 
  44 107.692 107.692 107.692 107.692 107.692 53.8462 107.692 
  45 107.692 107.692 107.692 107.692 107.692 53.8462 107.692 
  46 107.692 107.692 107.692 107.692 107.692 53.8462 107.692 
  47 107.692 107.692 107.692 107.692 107.692 53.8462 107.692 
  48 107.692 107.692 107.692 107.692 107.692 53.8462 107.692 
  49 107.692 107.692 107.692 107.692 107.692 53.8462 107.692 
  50 107.692 107.692 107.692 107.692 107.692 53.8462 107.692 
  51 107.692 107.692 107.692 107.692 107.692 53.8462 107.692 
  52 107.692 107.692 107.692 107.692 107.692 53.8462 107.692 
  53 107.692 107.692 107.692 107.692 107.692 53.8462 107.692 
  54 107.692 107.692 107.692 107.692 107.692 53.8462 107.692 
  55 107.692 107.692 107.692 107.692 107.692 53.8462 107.692 
  56 107.692 107.692 107.692 107.692 107.692 53.8462 107.692 
  57 107.692 107.692 107.692 107.692 107.692 53.8462 107.692 
  58 107.692 107.692 107.692 107.692 107.692 53.8462 107.692 
  59 107.692 107.692 107.692 107.692 107.692 53.8462 107.692 
  60 107.692 107.692 107.692 107.692 107.692 53.8462 107.692 
  61 107.692 107.692 107.692 107.692 107.692 53.8462 107.692 
  62 107.692 107.692 107.692 107.692 107.692 53.8462 107.692 
  63 107.692 107.692 107.692 107.692 107.692 53.8462 107.692 
  64 107.692 107.692 107.692 107.692 107.692 53.8462 107.692 
  65 107.692 107.692 107.692 107.692 107.692 53.8462 107.692 
  66 107.692 107.692 107.692 107.692 107.692 53.8462 107.692 
  67 107.692 107.692 107.692 107.692 107.692 53.8462 107.692 
  68 107.692 107.692 107.692 107.692 107.692 53.8462 107.692 
  69 107.692 107.692 107.692 107.692 107.692 53.8462 107.692 
  70 107.692 107.692 107.692 107.692 107.692 53.8462 107.692 
  71 107.692 107.692 107.692 107.692 107.692 53.8462 107.692 
  72 107.692 107.692 107.692 107.692 107.692 53.8462 107.692 
  73 107.692 107.692 107.692 107.692 107.692 53.8462 107.692 
  74 107.692 107.692 107.692 107.692 107.692 53.8462 107.692 
  75 107.692 107.692 107.692 107.692 107.692 53.8462 107.692 
  76 107.692 107.692 107.692 107.692 107.692 53.8462 107.692 
  77 107.692 107.692 107.692 107.692 107.692 53.8462 107.692 
  78 107.692 107.692 107.692 107.692 107.692 53.8462 107.692 
  79 107.692 107.692 107.692 107.692 107.692 53.8462 107.692 
  80 107.692 107.692 107.692 107.692 107.692 53.8462 107.692 
  81 107.692 107.692 107.692 107.692 107.692 53.8462 107.692 
  82 107.692 107.692 107.692 107.692 107.692 53.8462 107.692 
  83 107.692 107.692 107.692 107.692 107.692 53.8462 107.692 
  84 107.692 107.692 107.692 107.692 107.692 53.8462 107.692 
  85 107.692 107.692 107.692 107.692 107.692 53.8462 107.692 
  86 107.692 107.692 107.692 107.692 107.692 53.8462 107.692 
  87 107.692 107.692 107.692 107.692 107.692 53.8462 107.692 
  88 107.692 107.692 107.692 107.692 107.692 53.8462 107.692 
  89 107.692 107.692 107.692 107.692 107.692 53.8462 107.692 
  90 107.692 107.692 107.692 107.692 107.692 53.8462 107.692 
  91 107.692 107.692 107.692 107.692 107.692 53.8462 107.692 
  92 107.692 107.692 107.692 107.692 107.692 53.8462 107.692 
  93 107.692 107.692 107.692 107.692 107.692 53.8462 107.692 
  94 107.692 107.692 107.692 107.692 107.692 53.8462 107.692 
  95 107.692 107.692 107.692 107.692 107.692 53.8462 107.692 
  96 107.692 107.692 107.692 107.692 107.692 53.8462 107.692 
  97 107.692 107.692 107.692 107.692 107.692 53.8462 107.692 
  98 107.692 107.692 107.692 107.692 107.692 53.8462 107.692 
  99 107.692 107.692 107.692 107.692 107.692 53.8462 107.692 
 100 107.692 107.692 107.692 107.692 107.692 53.8462 107.692 
