   1   200    50    50 
   2   100   100   100 
   3   200    50    50 
   4   100   100   100 
   5   200    50    50 
   6   100   100   100 
   7   200    50    50 
   8   100   100   100 
   9   200    50    50 
  10   100   100   100 
  11   200    50    50 
  12   100   100   100 
  13   200    50    50 
  14   100   100   100 
  15   200    50    50 
  16   100   100   100 
  17   200    50    50 
  18   100   100   100 
  19   200    50    50 
  20   100   100   100 
  21   200    50    50 
  22   100   100   100 
  23   200    50    50 
  24   100   100   100 
  25   200    50    50 
  26   100   100   100 
  27   200    50    50 
  28   100   100   100 
  29   200    50    50 
  30   100   100   100 
  31   200    50    50 
  32   100   100   100 
  33   200    50    50 
  34   100   100   100 
  35   200    50    50 
  36   100   100   100 
  37   200    50    50 
  38   100   100   100 
  39   200    50    50 
  40   100   100   100 
  41   200    50    50 
  42   100   100   100 
  43   200    50    50 
  44   100   100   100 
  45   200    50    50 
  46   100   100   100 
  47   200    50    50 
  48   100   100   100 
  49   200    50    50 
  50   100   100   100 
  51   200    50    50 
  52   100   100   100 
  53   200    50    50 
  54   100   100   100 
  55   200    50    50 
  56   100   100   100 
  57   200    50    50 
  58   100   100   100 
  59   200    50    50 
  60   100   100   100 
  61   200    50    50 
  62   100   100   100 
  63   200    50    50 
  64   100   100   100 
  65   200    50    50 
  66   100   100   100 
  67   200    50    50 
  68   100   100   100 
  69   200    50    50 
  70   100   100   100 
  71   200    50    50 
  72   100   100   100 
  73   200    50    50 
  74   100   100   100 
  75   200    50    50 
  76   100   100   100 
  77   200    50    50 
  78   100   100   100 
  79   200    50    50 
  80   100   100   100 
  81   200    50    50 
  82   100   100   100 
  83   200    50    50 
  84   100   100   100 
  85   200    50    50 
  86   100   100   100 
  87   200    50    50 
  88   100   100   100 
  89   200    50    50 
  90   100   100   100 
  91   200    50    50 
  92   100   100   100 
  93   200    50    50 
  94   100   100   100 
  95   200    50    50 
  96   100   100   100 
  97   200    50    50 
  98   100   100   100 
  99   200    50    50 
 100   100   100   100 
