   1 106.667 103.333    65   115 153.333 78.3333    90    25    65   175 121.667   125 73.3333 211.667   225 61.6667    25    50   140   140     0    50   100 
   2 109.778 110.111 59.3333 111.583 147.722 108.861 99.75 43.75 116.75 118.194 140.5 106.25 67.6667 220.083 162.083 109.417 56.25  62.5 179.083 70.3333     0    50    50 
   3 108.343 120.72 59.1833 123.856 169.655 95.7968 110.175 29.5486 103.11 140.016 158.475 103.021 75.5444 205.275 193.632 103.996 40.5208 53.125 151.175 79.8333     0    25    50 
   4 118.67 120.034 65.6922 132.497 168.3 109.175 113.511 35.0041 109.99 127.074 154.167 101.533 71.9978 203.953 179.033 106.648 48.408 51.5104 161.512 71.29     0    25    25 
   5 122.068 129.387 67.2011 135.133 180.569 105.44 115.343 31.7685 106.219 134.486 158.626 96.2687 76.9019 190.645 184.267 103.881 44.7583 50.7665 155.679 73.093     0  12.5    25 
   6 128.67 132.295 69.3207 138.942 184.039 112.864 117.044 33.6214 107.864 130.685 156.289 96.8332 76.6048 189.482 178.454 101.899 46.0667 48.1344 156.626 69.2648     0  12.5  12.5 
   7 131.801 138.764 70.3486 140.373 191.82 113.577 117.337 32.6712 107.376 133.834 157.548 92.748 77.841 180.207 178.104 100.487 44.6136 48.4166 154.161 69.2216     0  6.25  12.5 
   8 136.143 142.124 71.0023 142.564 195.985 118.077 117.754 33.4584 107.864 132.952 155.772 92.9426 77.7491 179.22 174.69 98.4632 44.526 46.374 152.967 66.8735     0  6.25  6.25 
   9 138.752 146.628 71.5008 143.335 201.295 119.81 117.486 33.2381 108.279 134.467 155.915 90.0464 77.8116 173.307 173.467 97.4936 43.6724 46.4713 151.212 66.4372     0 3.125  6.25 
  10 141.636 149.572 71.6172 144.615 204.902 122.752 117.341 33.6168 108.537 134.588 154.567 89.8381 77.5732 172.358 171.059 96.0746 43.3667 45.0232 149.809 64.9037     0 3.125 3.125 
  11 143.633 152.715 71.7846 145.052 208.605 124.485 116.92 33.647 109.099 135.388 154.308 87.788 77.3025 168.745 169.97 95.326 42.7648 44.919 148.427 64.4334     0 1.5625 3.125 
  12 145.565 155.032 71.7201 145.793 211.41 126.473 116.598 33.8471 109.317 135.818 153.338 87.4115 76.9976 167.888 168.169 94.4247 42.4925 43.894 147.252 63.4344     0 1.5625 1.5625 
  13 147.025 157.222 71.7277 146.062 213.996 127.914 116.193 33.9544 109.814 136.267 152.975 85.9362 76.6768 165.715 167.365 93.8393 42.0422 43.7058 146.198 63.028     0 0.78125 1.5625 
  14 148.328 158.95 71.6202 146.493 216.073 129.273 115.865 34.0666 110.009 136.736 152.305 85.547 76.3875 165.001 165.997 93.2866 41.8413 42.9681 145.309 62.3827     0 0.78125 0.78125 
  15 149.37 160.47 71.5685 146.672 217.872 130.382 115.534 34.184 110.399 136.992 151.965 84.4673 76.1082 163.698 165.442 92.8341 41.4992 42.7735 144.538 62.0618     0 0.390625 0.78125 
  16 150.255 161.72 71.4682 146.928 219.369 131.312 115.26 34.2479 110.562 137.405 151.515 84.134 75.8704 163.137 164.398 92.4999 41.3605 42.2336 143.896 61.6471     0 0.390625 0.390625 
  17 150.989 162.772 71.4053 147.054 220.617 132.132 115.011 34.3512 110.853 137.545 151.239 83.3331 75.6539 162.354 164.029 92.1539 41.0994 42.067 143.349 61.4065     0 0.195312 0.390625 
  18 151.593 163.662 71.3266 147.213 221.682 132.767 114.804 34.3863 110.98 137.878 150.943 83.0742 75.4739 161.931 163.229 91.9533 41.0072 41.6665 142.899 61.1406     0 0.195312 0.195312 
  19 152.108 164.389 71.2718 147.305 222.546 133.36 114.627 34.4694 111.192 137.946 150.735 82.4738 75.3162 161.457 162.99 91.6901 40.8073 41.5371 142.521 60.966     0 0.0976562 0.195312 
  20 152.524 165.017 71.2154 147.407 223.297 133.792 114.478 34.4865 111.287 138.202 150.543 82.2847 75.1868 161.146 162.376 91.571 40.7476 41.2369 142.212 60.7957     0 0.0976562 0.0976562 
  21 152.885 165.518 71.1738 147.477 223.894 134.215 114.356 34.5506 111.439 138.226 150.393 81.8309 75.0765 160.858 162.226 91.3709 40.5939 41.1423 141.955 60.6716     0 0.0488281 0.0976562 
  22 153.172 165.96 71.1358 147.546 224.422 134.508 114.254 34.5564 111.507 138.419 150.272 81.6988 74.9869 160.633 161.751 91.3013 40.5565 40.9154 141.746 60.5626     0 0.0488281 0.0488281 
  23 153.426 166.306 71.1067 147.6 224.835 134.809 114.173 34.6047 111.616 138.415 150.167 81.3532 74.9119 160.458 161.661 91.1488 40.4378 40.8494 141.573 60.4757     0 0.0244141 0.0488281 
  24 153.625 166.616 71.0825 147.648 225.207 135.006 114.104 34.6037 111.662 138.559 150.091 81.2647 74.8515 160.296 161.292 91.1095 40.4153 40.6766 141.434 60.4062     0 0.0244141 0.0244141 
  25 153.804 166.856 71.0634 147.69 225.493 135.22 114.052 34.6397 111.74 138.539 150.02 80.9997 74.8018 160.19 161.242 90.9926 40.3231 40.6324 141.319 60.3459     0 0.012207 0.0244141 
  26 153.943 167.074 71.0488 147.725 225.755 135.352 114.007 34.6348 111.771 138.647 149.974 80.9429 74.762 160.074 160.954 90.9719 40.3105 40.4999 141.227 60.3018     0 0.012207 0.012207 
  27 154.07 167.24 71.0369 147.757 225.954 135.504 113.974 34.6617 111.827 138.619 149.926 80.7384 74.7297 160.01 160.93 90.8818 40.2385 40.4714 141.151 60.2601     0 0.00610352 0.012207 
  28 154.168 167.394 71.0288 147.784 226.139 135.592 113.946 34.6548 111.848 138.7 149.899 80.7039 74.704 159.927 160.703 90.8724 40.2324 40.3692 141.091 60.2323     0 0.00610352 0.00610352 
  29 154.259 167.509 71.0219 147.809 226.277 135.701 113.926 34.675 111.888 138.669 149.867 80.5451 74.6835 159.89 160.696 90.8024 40.1759 40.3519 141.041 60.2035     0 0.00305176 0.00610352 
  30 154.328 167.618 71.0179 147.829 226.409 135.759 113.908 34.6673 111.901 138.731 149.852 80.5258 74.6674 159.829 160.517 90.7998 40.1739 40.2725 141.002 60.1862     0 0.00305176 0.00305176 
  31 154.393 167.699 71.0142 147.849 226.506 135.837 113.896 34.6826 111.93 138.7 149.831 80.4018 74.6546 159.808 160.519 90.7451 40.1292 40.2629 140.97 60.1663     0 0.00152588 0.00305176 
  32 154.442 167.777 71.0127 147.864 226.6 135.876 113.885 34.6749 111.938 138.747 149.823 80.3928 74.6447 159.764 160.378 90.7465 40.1298 40.2009 140.945 60.1557     0 0.00152588 0.00152588 
  33 154.489 167.833 71.0111 147.88 226.668 135.932 113.879 34.6867 111.959 138.718 149.809 80.2953 74.637 159.753 160.386 90.7035 40.0944 40.1964 140.925 60.1419     0 0.000762939 0.00152588 
  34 154.524 167.889 71.0111 147.892 226.736 135.957 113.873 34.6794 111.964 138.754 149.807 80.2929 74.6311 159.721 160.273 90.7071 40.0965 40.1476 140.909 60.1356     0 0.000762939 0.000762939 
  35 154.559 167.928 71.0107 147.904 226.783 135.999 113.87 34.6885 111.98 138.727 149.797 80.2159 74.6266 159.716 160.285 90.673 40.0683 40.1465 140.896 60.1259     0 0.00038147 0.000762939 
  36 154.584 167.969 71.0114 147.913 226.833 136.015 113.866 34.6818 111.982 138.756 149.797 80.2177 74.6233 159.692 160.195 90.6777 40.0712 40.108 140.886 60.1223     0 0.00038147 0.00038147 
  37 154.609 167.997 71.0117 147.923 226.866 136.045 113.865 34.689 111.994 138.732 149.791 80.1566 74.6209 159.69 160.208 90.6506 40.0486 40.1089 140.878 60.1155     0 0.000190735 0.00038147 
  38 154.627 168.026 71.0128 147.93 226.902 136.055 113.863 34.6831 111.994 138.755 149.792 80.1608 74.6191 159.672 160.135 90.6557 40.052 40.0783 140.872 60.1136     0 0.000190735 0.000190735 
  39 154.646 168.046 71.0134 147.938 226.926 136.078 113.863 34.6887 112.004 138.734 149.788 80.1121 74.6179 159.673 160.149 90.634 40.0338 40.0804 140.867 60.1088     0 9.53674e-05 0.000190735 
  40 154.659 168.068 71.0146 147.943 226.952 136.084 113.862 34.6836 112.003 138.753 149.79 80.1177 74.6171 159.659 160.09 90.6391 40.0372 40.0561 140.863 60.1079     0 9.53674e-05 9.53674e-05 
  41 154.673 168.081 71.0154 147.949 226.969 136.101 113.863 34.6881 112.01 138.735 149.787 80.0787 74.6166 159.661 160.104 90.6216 40.0226 40.0588 140.86 60.1044     0 4.76837e-05 9.53674e-05 
  42 154.683 168.097 71.0166 147.953 226.989 136.105 113.863 34.6837 112.01 138.75 149.789 80.0848 74.6164 159.65 160.056 90.6265 40.0259 40.0393 140.858 60.1041     0 4.76837e-05 4.76837e-05 
  43 154.693 168.107 71.0173 147.958 227.001 136.118 113.864 34.6874 112.015 138.734 149.787 80.0535 74.6163 159.652 160.069 90.6124 40.0141 40.0424 140.856 60.1016     0 2.38419e-05 4.76837e-05 
  44 154.7 168.119 71.0184 147.961 227.016 136.12 113.864 34.6836 112.014 138.746 149.789 80.0596 74.6164 159.644 160.031 90.6169 40.0172 40.0267 140.855 60.1017     0 2.38419e-05 2.38419e-05 
  45 154.708 168.126 71.0191 147.965 227.024 136.13 113.865 34.6866 112.019 138.733 149.788 80.0344 74.6165 159.647 160.042 90.6056 40.0077 40.0298 140.854 60.0998     0 1.19209e-05 2.38419e-05 
  46 154.713 168.135 71.0201 147.968 227.035 136.13 113.865 34.6834 112.018 138.743 149.79 80.0403 74.6167 159.64 160.011 90.6096 40.0105 40.0172 140.853 60.1001     0 1.19209e-05 1.19209e-05 
  47 154.719 168.14 71.0207 147.97 227.042 136.138 113.866 34.6858 112.021 138.732 149.789 80.0199 74.617 159.643 160.021 90.6004 40.0027 40.0202 140.853 60.0987     0 5.96046e-06 1.19209e-05 
  48 154.723 168.147 71.0215 147.972 227.05 136.138 113.866 34.6831 112.02 138.741 149.791 80.0255 74.6173 159.638 159.996 90.604 40.0053 40.01 140.853 60.0991     0 5.96046e-06 5.96046e-06 
  49 154.727 168.151 71.022 147.975 227.054 136.144 113.867 34.6852 112.023 138.732 149.79 80.009 74.6176 159.64 160.005 90.5965 39.999 40.0128 140.852 60.098     0 2.98023e-06 5.96046e-06 
  50 154.73 168.156 71.0227 147.976 227.061 136.144 113.867 34.6829 112.022 138.738 149.792 80.0141 74.6179 159.636 159.985 90.5997 40.0013 40.0045 140.852 60.0984     0 2.98023e-06 2.98023e-06 
  51 154.734 168.159 71.0232 147.978 227.064 136.149 113.868 34.6846 112.024 138.731 149.791 80.0006 74.6182 159.638 159.993 90.5936 39.9962 40.007 140.852 60.0976     0 1.49012e-06 2.98023e-06 
  52 154.736 168.162 71.0238 147.979 227.069 136.148 113.868 34.6827 112.023 138.736 149.792 80.0052 74.6184 159.634 159.976 90.5964 39.9982 40.0003 140.852 60.098     0 1.49012e-06 1.49012e-06 
  53 154.738 168.164 71.0241 147.981 227.071 136.152 113.869 34.6841 112.025 138.73 149.792 79.9943 74.6187 159.636 159.983 90.5914 39.994 40.0026 140.852 60.0973     0 7.45058e-07 1.49012e-06 
  54 154.74 168.167 71.0246 147.981 227.075 136.151 113.869 34.6825 112.024 138.735 149.793 79.9984 74.619 159.634 159.969 90.5938 39.9958 39.9972 140.852 60.0977     0 7.45058e-07 7.45058e-07 
  55 154.742 168.169 71.0249 147.983 227.076 136.154 113.87 34.6837 112.025 138.729 149.793 79.9895 74.6192 159.635 159.976 90.5897 39.9923 39.9992 140.852 60.0972     0 3.72529e-07 7.45058e-07 
  56 154.743 168.171 71.0253 147.983 227.079 136.154 113.87 34.6823 112.025 138.733 149.794 79.9931 74.6194 159.633 159.964 90.5918 39.9939 39.9947 140.853 60.0975     0 3.72529e-07 3.72529e-07 
  57 154.745 168.172 71.0255 147.984 227.081 136.156 113.87 34.6833 112.026 138.729 149.793 79.9858 74.6196 159.634 159.97 90.5884 39.9911 39.9965 140.853 60.0971     0 1.86265e-07 3.72529e-07 
  58 154.745 168.174 71.0258 147.985 227.083 136.156 113.871 34.6822 112.025 138.732 149.794 79.9889 74.6198 159.633 159.96 90.5902 39.9924 39.9929 140.853 60.0974     0 1.86265e-07 1.86265e-07 
  59 154.747 168.175 71.026 147.985 227.084 136.158 113.871 34.683 112.026 138.728 149.794 79.983 74.6199 159.634 159.965 90.5875 39.9901 39.9945 140.853 60.0971     0 9.31323e-08 1.86265e-07 
  60 154.747 168.176 71.0263 147.986 227.085 136.157 113.871 34.6821 112.026 138.731 149.795 79.9857 74.6201 159.632 159.957 90.589 39.9913 39.9915 140.853 60.0973     0 9.31323e-08 9.31323e-08 
  61 154.748 168.176 71.0264 147.986 227.086 136.159 113.871 34.6828 112.026 138.728 149.794 79.9808 74.6202 159.633 159.961 90.5868 39.9894 39.9929 140.853 60.0971     0 4.65661e-08 9.31323e-08 
  62 154.749 168.178 71.0266 147.987 227.087 136.158 113.872 34.682 112.026 138.73 149.795 79.9832 74.6204 159.632 159.955 90.5881 39.9904 39.9904 140.853 60.0973     0 4.65661e-08 4.65661e-08 
  63 154.75 168.178 71.0267 147.987 227.088 136.159 113.872 34.6826 112.027 138.728 149.795 79.9792 74.6205 159.633 159.959 90.5862 39.9888 39.9916 140.853 60.0971     0 2.32831e-08 4.65661e-08 
  64 154.75 168.179 71.0269 147.987 227.089 136.159 113.872 34.6819 112.026 138.73 149.795 79.9813 74.6206 159.632 159.953 90.5873 39.9897 39.9896 140.853 60.0972     0 2.32831e-08 2.32831e-08 
  65 154.75 168.179 71.027 147.988 227.089 136.16 113.872 34.6824 112.027 138.728 149.795 79.978 74.6207 159.633 159.956 90.5858 39.9884 39.9906 140.853 60.0971     0 1.16415e-08 2.32831e-08 
  66 154.751 168.18 71.0271 147.988 227.09 136.159 113.872 34.6819 112.026 138.729 149.795 79.9797 74.6207 159.632 159.952 90.5868 39.9891 39.989 140.853 60.0972     0 1.16415e-08 1.16415e-08 
  67 154.751 168.18 71.0272 147.988 227.09 136.16 113.872 34.6823 112.027 138.727 149.795 79.977 74.6208 159.633 159.955 90.5855 39.988 39.9899 140.853 60.0971     0 5.82077e-09 1.16415e-08 
  68 154.751 168.18 71.0273 147.988 227.091 136.16 113.872 34.6819 112.026 138.729 149.796 79.9785 74.6209 159.632 159.951 90.5863 39.9887 39.9885 140.854 60.0972     0 5.82077e-09 5.82077e-09 
  69 154.752 168.181 71.0273 147.988 227.091 136.161 113.872 34.6822 112.027 138.727 149.795 79.9763 74.6209 159.632 159.953 90.5852 39.9878 39.9893 140.854 60.0971     0 2.91038e-09 5.82077e-09 
  70 154.752 168.181 71.0274 147.989 227.092 136.16 113.873 34.6818 112.027 138.729 149.796 79.9776 74.621 159.632 159.95 90.5859 39.9883 39.9881 140.854 60.0972     0 2.91038e-09 2.91038e-09 
  71 154.752 168.181 71.0274 147.989 227.092 136.161 113.873 34.6821 112.027 138.727 149.796 79.9758 74.621 159.632 159.952 90.5851 39.9876 39.9888 140.854 60.0971     0 1.45519e-09 2.91038e-09 
  72 154.752 168.181 71.0275 147.989 227.092 136.161 113.873 34.6818 112.027 138.728 149.796 79.9769 74.6211 159.632 159.95 90.5857 39.9881 39.9879 140.854 60.0972     0 1.45519e-09 1.45519e-09 
  73 154.752 168.181 71.0275 147.989 227.092 136.161 113.873 34.6821 112.027 138.727 149.796 79.9753 74.6211 159.632 159.951 90.5849 39.9875 39.9884 140.854 60.0971     0 7.27596e-10 1.45519e-09 
  74 154.753 168.182 71.0276 147.989 227.093 136.161 113.873 34.6818 112.027 138.728 149.796 79.9763 74.6211 159.632 159.949 90.5854 39.9878 39.9877 140.854 60.0972     0 7.27596e-10 7.27596e-10 
  75 154.753 168.182 71.0276 147.989 227.093 136.161 113.873 34.682 112.027 138.727 149.796 79.975 74.6212 159.632 159.951 90.5848 39.9874 39.9881 140.854 60.0971     0 3.63798e-10 7.27596e-10 
  76 154.753 168.182 71.0277 147.989 227.093 136.161 113.873 34.6818 112.027 138.728 149.796 79.9758 74.6212 159.632 159.949 90.5853 39.9877 39.9875 140.854 60.0972     0 3.63798e-10 3.63798e-10 
  77 154.753 168.182 71.0277 147.989 227.093 136.161 113.873 34.682 112.027 138.727 149.796 79.9748 74.6212 159.632 159.95 90.5848 39.9873 39.9879 140.854 60.0971     0 1.81899e-10 3.63798e-10 
  78 154.753 168.182 71.0277 147.989 227.093 136.161 113.873 34.6818 112.027 138.728 149.796 79.9755 74.6212 159.632 159.949 90.5851 39.9875 39.9874 140.854 60.0972     0 1.81899e-10 1.81899e-10 
  79 154.753 168.182 71.0277 147.989 227.093 136.161 113.873 34.6819 112.027 138.727 149.796 79.9746 74.6213 159.632 159.95 90.5847 39.9872 39.9877 140.854 60.0971     0 9.09495e-11 1.81899e-10 
  80 154.753 168.182 71.0278 147.989 227.093 136.161 113.873 34.6818 112.027 138.728 149.796 79.9752 74.6213 159.632 159.949 90.585 39.9874 39.9873 140.854 60.0972     0 9.09495e-11 9.09495e-11 
  81 154.753 168.182 71.0278 147.989 227.093 136.161 113.873 34.6819 112.027 138.727 149.796 79.9745 74.6213 159.632 159.949 90.5847 39.9872 39.9876 140.854 60.0972     0 4.54747e-11 9.09495e-11 
  82 154.753 168.182 71.0278 147.989 227.093 136.161 113.873 34.6818 112.027 138.728 149.796 79.9749 74.6213 159.632 159.949 90.5849 39.9874 39.9872 140.854 60.0972     0 4.54747e-11 4.54747e-11 
  83 154.753 168.182 71.0278 147.989 227.093 136.161 113.873 34.6819 112.027 138.727 149.796 79.9744 74.6213 159.632 159.949 90.5846 39.9871 39.9875 140.854 60.0972     0 2.27374e-11 4.54747e-11 
  84 154.753 168.182 71.0278 147.989 227.094 136.161 113.873 34.6818 112.027 138.727 149.796 79.9748 74.6213 159.632 159.948 90.5849 39.9873 39.9872 140.854 60.0972     0 2.27374e-11 2.27374e-11 
  85 154.753 168.182 71.0278 147.989 227.094 136.161 113.873 34.6819 112.027 138.727 149.796 79.9743 74.6213 159.632 159.949 90.5846 39.9871 39.9874 140.854 60.0972     0 1.13687e-11 2.27374e-11 
  86 154.753 168.183 71.0278 147.989 227.094 136.161 113.873 34.6818 112.027 138.727 149.796 79.9746 74.6213 159.632 159.948 90.5848 39.9872 39.9871 140.854 60.0972     0 1.13687e-11 1.13687e-11 
  87 154.753 168.183 71.0278 147.989 227.094 136.161 113.873 34.6819 112.027 138.727 149.796 79.9742 74.6213 159.632 159.949 90.5846 39.9871 39.9873 140.854 60.0972     0 5.68434e-12 1.13687e-11 
  88 154.753 168.183 71.0278 147.989 227.094 136.161 113.873 34.6818 112.027 138.727 149.796 79.9745 74.6213 159.632 159.948 90.5848 39.9872 39.9871 140.854 60.0972     0 5.68434e-12 5.68434e-12 
  89 154.753 168.183 71.0278 147.99 227.094 136.161 113.873 34.6818 112.027 138.727 149.796 79.9742 74.6214 159.632 159.949 90.5846 39.9871 39.9873 140.854 60.0972     0 2.84217e-12 5.68434e-12 
  90 154.753 168.183 71.0279 147.99 227.094 136.161 113.873 34.6818 112.027 138.727 149.796 79.9744 74.6214 159.632 159.948 90.5847 39.9872 39.9871 140.854 60.0972     0 2.84217e-12 2.84217e-12 
  91 154.753 168.183 71.0279 147.99 227.094 136.161 113.873 34.6818 112.027 138.727 149.796 79.9742 74.6214 159.632 159.949 90.5846 39.9871 39.9872 140.854 60.0972     0 1.42109e-12 2.84217e-12 
  92 154.753 168.183 71.0279 147.99 227.094 136.161 113.873 34.6818 112.027 138.727 149.796 79.9744 74.6214 159.632 159.948 90.5847 39.9871 39.9871 140.854 60.0972     0 1.42109e-12 1.42109e-12 
  93 154.754 168.183 71.0279 147.99 227.094 136.161 113.873 34.6818 112.027 138.727 149.796 79.9741 74.6214 159.632 159.948 90.5846 39.9871 39.9872 140.854 60.0972     0 7.10543e-13 1.42109e-12 
  94 154.754 168.183 71.0279 147.99 227.094 136.161 113.873 34.6818 112.027 138.727 149.796 79.9743 74.6214 159.632 159.948 90.5847 39.9871 39.9871 140.854 60.0972     0 7.10543e-13 7.10543e-13 
  95 154.754 168.183 71.0279 147.99 227.094 136.161 113.873 34.6818 112.027 138.727 149.796 79.9741 74.6214 159.632 159.948 90.5846 39.987 39.9872 140.854 60.0972     0 3.55271e-13 7.10543e-13 
  96 154.754 168.183 71.0279 147.99 227.094 136.161 113.873 34.6818 112.027 138.727 149.796 79.9743 74.6214 159.632 159.948 90.5847 39.9871 39.9871 140.854 60.0972     0 3.55271e-13 3.55271e-13 
  97 154.754 168.183 71.0279 147.99 227.094 136.161 113.873 34.6818 112.027 138.727 149.796 79.9741 74.6214 159.632 159.948 90.5846 39.987 39.9871 140.854 60.0972     0 1.77636e-13 3.55271e-13 
  98 154.754 168.183 71.0279 147.99 227.094 136.161 113.873 34.6818 112.027 138.727 149.796 79.9742 74.6214 159.632 159.948 90.5846 39.9871 39.9871 140.854 60.0972     0 1.77636e-13 1.77636e-13 
  99 154.754 168.183 71.0279 147.99 227.094 136.161 113.873 34.6818 112.027 138.727 149.796 79.9741 74.6214 159.632 159.948 90.5846 39.987 39.9871 140.854 60.0972     0 8.88178e-14 1.77636e-13 
 100 154.754 168.183 71.0279 147.99 227.094 136.161 113.873 34.6818 112.027 138.727 149.796 79.9742 74.6214 159.632 159.948 90.5846 39.9871 39.987 140.854 60.0972     0 8.88178e-14 8.88178e-14 
