50
0
1
2
3
4
5
6
7
8
9
10
11
12
13
14
15
16
17
18
19
20
21
22
23
24
25
26
27
28
29
30
31
32
33
34
35
36
37
38
39
40
41
42
43
44
45
46
47
48
49
10000
25 28
27 15
30 1
20 13
49 8
41 18
42 20
49 38
41 40
29 12
28 31
22 19
30 8
37 32
46 27
7 35
12 46
43 24
25 32
14 32
1 30
18 35
21 8
37 12
5 13
42 41
10 11
25 42
46 9
3 25
5 47
14 24
27 42
38 23
36 16
49 8
40 35
4 5
8 25
32 39
44 24
25 24
36 16
0 32
21 13
11 33
4 5
13 33
42 32
13 17
3 38
30 22
41 20
34 6
11 16
15 12
37 47
34 49
1 22
17 20
7 3
36 7
36 4
22 35
26 38
11 30
32 33
40 34
9 18
15 9
21 29
16 23
26 43
10 11
19 18
7 38
16 38
38 34
23 2
41 28
1 8
15 14
25 10
34 25
36 21
14 30
3 18
43 19
33 31
42 26
33 5
3 7
24 40
16 21
3 29
1 32
2 24
14 28
32 23
32 5
32 42
45 40
9 37
20 49
9 2
9 30
47 38
13 42
19 14
18 47
31 25
5 44
3 49
11 48
47 8
48 28
18 23
26 22
25 31
42 12
30 47
48 19
29 26
43 7
21 41
4 47
15 44
36 42
12 47
45 20
10 46
3 0
9 11
4 46
33 23
30 46
23 9
7 12
15 4
31 29
9 34
29 15
10 43
49 14
27 33
38 3
18 3
3 48
42 20
48 18
4 29
25 0
29 12
8 48
30 8
11 30
41 2
3 7
27 12
34 27
45 11
34 9
0 42
12 44
34 19
19 5
3 5
17 43
14 7
4 11
37 0
49 28
25 23
22 8
3 41
11 6
45 29
45 31
11 36
37 43
38 2
41 5
30 0
25 10
30 13
0 6
39 29
2 31
30 38
3 0
4 10
2 3
48 6
6 10
19 39
31 9
33 18
49 18
25 42
24 30
31 39
8 15
20 31
35 37
49 19
33 37
48 22
33 38
28 6
0 2
1 40
12 33
32 12
42 14
33 3
46 44
31 21
49 7
36 40
24 46
23 8
36 44
19 49
22 17
37 4
24 42
11 36
30 16
20 3
33 18
41 29
10 20
5 35
48 38
23 6
40 31
40 8
19 39
1 7
1 35
32 37
19 30
25 28
36 0
17 0
21 4
25 45
6 47
13 6
2 9
0 28
24 7
39 26
31 15
24 46
6 38
10 13
31 18
47 7
38 49
40 12
31 38
42 15
33 40
18 15
21 32
32 45
3 46
10 36
9 42
35 18
2 24
5 14
22 41
43 21
46 45
9 25
3 38
44 24
20 13
36 41
21 9
1 34
44 15
13 17
10 37
17 37
24 1
28 10
49 20
30 0
23 17
38 9
39 12
37 20
25 40
11 9
14 40
4 6
21 26
48 28
38 20
20 35
24 7
15 19
26 1
16 48
49 39
10 16
6 39
16 1
1 44
47 15
20 41
11 47
3 37
33 11
41 6
28 49
27 24
22 26
41 4
1 6
15 20
14 49
36 15
42 3
41 47
17 40
35 45
32 15
3 38
9 13
27 30
14 37
30 25
14 38
7 26
33 19
22 41
31 21
33 3
43 25
35 49
11 44
39 13
13 30
30 11
3 9
49 22
32 26
15 0
42 33
26 16
23 18
10 22
12 18
9 44
20 34
47 16
8 47
6 41
32 36
43 44
45 8
34 39
22 47
45 3
34 24
22 12
46 47
10 40
23 25
19 40
9 41
34 46
12 40
40 47
10 35
49 21
20 18
28 26
32 1
13 21
43 9
8 0
40 13
26 17
9 31
30 24
3 8
10 49
37 21
7 41
4 46
17 20
19 16
39 13
36 4
25 17
39 22
2 47
44 46
24 11
4 25
26 29
9 19
15 42
17 27
36 14
15 40
14 28
26 20
44 42
5 44
22 43
28 41
15 16
31 34
29 12
33 39
35 16
19 4
16 2
43 47
40 26
34 15
31 5
49 29
15 23
43 15
29 48
25 32
40 37
37 27
17 2
0 6
25 28
41 47
17 8
35 49
40 32
21 26
12 23
35 15
28 8
20 12
47 40
12 44
29 33
8 15
36 48
25 13
17 10
21 42
38 23
16 37
11 15
42 6
24 15
3 21
21 45
48 3
26 4
19 37
2 42
15 21
40 45
42 6
33 5
32 41
39 19
7 6
10 22
25 22
36 8
33 20
5 12
45 43
40 42
26 0
47 7
4 5
23 20
27 6
12 23
12 43
26 36
30 21
21 40
19 4
9 44
25 18
47 1
0 18
1 5
38 27
40 5
2 10
44 20
35 11
11 42
28 2
46 30
34 2
48 27
27 26
33 18
43 35
42 44
38 47
26 31
19 43
18 48
25 2
9 28
25 3
1 44
31 41
9 13
39 47
37 45
21 43
45 47
32 46
10 33
10 25
8 49
22 12
49 18
36 41
4 14
46 34
11 46
20 6
29 7
39 15
21 35
43 24
12 30
27 26
41 11
23 6
27 15
38 21
34 27
22 31
0 12
8 16
31 5
36 4
6 37
32 40
35 16
8 6
7 44
23 14
36 44
3 15
40 21
4 47
48 15
26 8
27 41
10 32
21 9
8 45
19 20
43 17
33 25
25 45
1 19
42 21
43 26
23 18
19 1
30 9
39 5
48 37
43 19
46 4
23 4
3 27
45 39
31 10
28 24
36 4
8 23
17 36
10 0
33 46
49 27
7 8
17 32
15 45
11 13
37 42
21 8
1 5
5 26
23 32
6 44
34 10
23 1
44 20
25 15
47 6
9 27
31 9
32 4
28 46
29 49
24 47
24 14
6 24
30 4
4 42
9 30
32 2
43 39
13 41
34 31
38 12
18 0
42 32
15 7
4 11
25 36
44 22
0 46
23 39
19 27
6 14
21 14
39 8
8 27
2 37
13 8
41 2
35 3
5 37
43 39
5 37
31 48
6 22
46 4
37 19
21 14
13 22
30 27
18 46
3 34
19 33
0 17
3 30
11 1
0 27
26 40
43 6
31 18
30 14
42 34
45 27
0 14
7 28
47 8
30 34
43 8
47 39
35 39
32 0
46 27
9 29
16 10
4 49
12 28
37 33
49 2
4 13
31 22
24 5
45 37
22 2
41 8
7 6
39 0
46 29
35 38
32 14
0 2
8 35
9 24
7 27
3 13
8 1
42 48
8 1
42 7
13 44
7 15
2 42
13 11
44 12
18 35
12 36
43 7
29 22
31 37
2 41
26 18
25 22
25 2
38 13
40 12
10 25
34 49
29 38
17 47
10 49
44 29
13 5
34 49
9 20
25 24
9 44
34 31
30 24
18 7
6 42
26 1
46 2
20 3
46 5
26 14
41 48
4 44
0 26
6 32
32 36
6 15
21 27
20 27
24 12
14 41
35 2
19 35
12 24
49 10
14 5
43 41
36 1
39 16
17 35
17 35
19 37
5 7
23 13
16 31
25 36
20 45
17 1
2 21
30 11
42 25
35 29
3 31
9 47
46 7
12 6
13 1
5 29
14 13
20 10
28 38
21 9
1 4
9 15
30 37
6 16
31 9
34 0
27 40
30 35
47 24
22 27
32 5
8 45
21 26
47 33
7 37
12 49
34 22
29 28
15 2
31 45
3 17
24 38
25 48
45 21
9 49
41 39
14 44
11 47
42 39
13 41
30 45
33 5
13 32
26 1
48 20
49 39
2 21
21 3
45 9
21 42
16 26
17 32
17 13
2 16
28 39
13 34
8 32
3 43
23 28
15 32
30 42
30 36
6 40
39 41
28 23
8 16
17 35
3 15
18 9
3 1
2 29
16 24
5 34
38 19
44 45
45 41
35 20
40 44
42 1
38 19
39 31
11 30
33 44
9 11
26 21
22 37
7 40
28 30
45 36
49 48
24 37
4 31
34 26
43 34
33 8
33 16
21 14
35 15
34 22
5 38
22 0
45 10
28 17
30 18
44 42
21 45
14 36
22 35
6 47
32 39
46 23
47 21
48 15
37 15
26 10
39 4
17 24
22 17
25 27
32 4
44 36
34 12
16 1
10 22
46 9
18 3
32 26
7 41
11 23
10 14
27 0
28 32
35 41
33 47
15 24
29 17
3 46
30 37
28 39
30 31
37 28
37 36
42 46
18 2
45 40
48 3
3 41
24 42
19 15
16 17
49 8
36 48
44 8
14 44
24 41
48 12
3 15
3 14
17 23
5 38
3 20
47 28
39 12
20 47
15 10
26 1
35 42
15 45
10 23
21 35
31 30
20 31
11 46
38 47
8 22
32 4
7 44
23 32
27 1
22 3
28 48
48 14
9 29
45 15
41 22
34 24
30 48
10 33
32 41
7 48
28 31
9 2
18 21
31 12
24 41
37 41
43 12
22 38
19 35
6 15
37 31
10 7
21 44
24 15
12 38
17 19
43 44
38 2
27 32
0 28
46 13
4 24
30 28
9 2
24 45
35 12
25 29
29 18
19 39
13 34
6 15
10 3
18 4
28 21
17 5
29 25
1 7
22 20
10 38
19 4
22 19
30 46
12 4
34 36
17 8
25 24
20 3
13 38
3 38
32 33
42 20
47 10
1 31
15 14
28 11
39 40
25 23
1 31
21 3
43 2
9 8
9 34
24 33
46 30
49 41
0 41
24 33
30 37
15 29
11 0
19 31
43 31
30 35
47 34
40 49
25 3
2 43
9 33
49 3
25 23
27 5
41 24
41 27
27 20
36 3
24 32
49 31
43 31
7 40
34 42
40 39
44 26
6 26
6 42
18 43
11 20
42 16
49 17
46 8
33 2
29 30
34 13
40 37
13 3
1 44
16 14
3 46
17 7
18 8
11 19
2 41
4 19
2 7
31 7
12 48
37 35
6 41
25 15
41 39
8 26
14 9
26 49
28 5
26 41
39 34
15 46
21 24
44 32
29 30
21 7
19 27
46 24
8 6
8 26
20 36
14 6
40 27
8 13
16 47
13 21
27 48
2 27
49 22
24 0
26 6
25 41
21 4
23 48
35 36
5 47
30 26
1 11
37 26
29 10
1 31
34 3
45 0
43 11
18 47
21 46
39 31
25 22
7 43
7 17
18 31
25 27
5 13
24 32
44 26
46 24
39 4
6 12
23 13
15 21
34 36
25 1
42 6
46 29
36 37
42 17
1 31
29 42
46 41
36 27
17 30
36 27
8 23
47 49
45 47
23 33
33 25
22 48
22 29
30 48
7 5
14 47
30 37
37 3
33 28
40 42
1 23
8 1
9 4
33 6
16 6
41 10
49 46
19 11
22 20
33 27
42 3
11 2
23 32
27 12
36 11
27 29
20 3
4 39
19 2
2 20
27 34
37 9
38 42
23 44
17 8
27 4
24 17
28 34
39 40
10 14
22 35
23 28
14 23
0 6
31 16
19 46
5 30
22 23
11 29
19 30
42 34
31 4
37 3
20 12
29 38
10 39
0 43
34 43
24 30
17 37
48 5
35 10
47 46
4 25
11 26
31 11
49 25
33 46
24 46
4 39
45 10
28 35
44 11
29 47
29 43
0 46
10 12
40 29
26 40
24 19
46 9
24 1
36 7
5 20
15 39
37 24
15 31
7 38
47 10
5 48
12 39
28 6
36 32
38 14
26 32
41 22
43 6
10 6
13 40
40 23
44 3
32 5
9 35
12 38
10 38
43 10
45 29
13 39
39 34
17 49
37 3
13 45
36 42
13 33
9 10
1 31
5 15
17 8
16 38
47 48
6 4
37 4
22 34
47 19
36 44
5 48
19 22
16 22
33 9
12 19
8 39
37 24
31 25
10 37
43 14
4 23
38 40
7 30
1 15
43 32
7 46
36 7
29 7
17 24
26 19
16 1
20 9
0 23
10 19
11 2
48 49
40 37
5 13
13 43
41 32
15 30
49 28
2 4
13 46
2 24
38 14
4 30
13 5
20 5
43 35
39 33
21 26
40 14
22 40
9 37
1 40
20 47
16 39
20 35
49 32
26 33
34 29
7 36
24 30
28 16
28 21
48 40
37 11
33 37
0 4
22 35
23 26
24 44
3 25
36 28
7 30
45 29
41 28
5 14
36 3
48 6
35 48
2 37
41 8
35 38
48 21
39 31
30 13
43 4
31 43
4 27
26 38
11 10
8 33
20 36
24 35
31 37
34 7
42 12
45 1
19 6
41 27
47 32
36 33
37 44
12 41
15 13
11 35
4 13
23 25
47 34
46 33
3 46
38 12
18 32
33 6
26 23
19 4
28 32
40 1
30 16
28 29
25 7
47 28
37 10
18 37
32 16
8 49
14 3
22 38
45 9
29 34
3 40
36 35
40 8
38 43
20 46
46 7
6 46
5 21
11 18
37 2
31 39
2 6
33 25
24 23
20 22
12 41
0 24
5 3
43 20
14 34
41 21
46 30
38 42
34 49
26 37
6 31
4 36
2 39
38 4
19 9
44 42
42 20
37 41
36 1
35 26
5 17
21 45
5 7
45 30
36 35
44 35
48 34
21 23
43 6
48 18
46 10
40 20
5 16
25 29
36 46
38 46
49 19
15 13
0 30
28 47
33 5
11 27
39 40
1 25
47 2
29 33
7 9
8 31
33 35
28 49
38 48
40 7
11 35
43 45
41 14
15 28
2 18
40 5
13 34
41 33
43 6
34 31
40 10
8 7
19 22
20 30
11 49
29 25
1 36
20 47
44 16
31 29
3 30
7 23
13 35
7 8
3 40
25 43
37 29
16 3
16 35
13 41
32 24
8 28
35 23
0 22
45 23
9 31
44 25
37 4
39 15
29 13
1 2
38 12
12 43
33 14
25 15
20 3
7 42
9 33
45 30
22 23
44 10
24 34
49 29
7 31
0 12
42 27
4 10
21 35
23 32
49 22
27 3
26 34
33 7
44 11
13 1
5 49
19 35
13 14
22 26
34 43
9 2
7 42
49 15
10 21
8 43
46 43
24 10
41 8
17 42
29 20
45 20
41 7
5 29
16 47
4 41
48 31
13 0
28 41
6 29
48 27
25 23
46 2
44 40
21 32
8 13
31 36
43 23
43 41
30 46
19 25
39 48
17 36
16 6
28 15
30 43
49 43
24 6
19 37
29 44
44 6
34 8
17 26
29 17
24 28
34 3
21 35
3 43
38 6
30 29
13 27
49 31
7 23
35 21
34 31
12 14
37 39
15 1
10 26
31 47
30 23
22 35
40 21
12 19
36 22
19 41
21 23
39 16
35 41
11 24
30 42
7 48
16 4
7 38
4 32
28 10
11 43
8 20
6 39
14 22
2 7
29 43
11 14
27 43
24 11
48 38
7 28
30 18
18 14
3 12
3 2
23 26
34 26
12 45
16 18
12 19
32 19
21 9
20 28
18 22
6 32
22 28
20 7
27 33
15 12
5 20
46 28
22 21
45 2
26 24
13 45
9 48
45 24
20 30
24 7
33 21
18 21
4 31
49 21
15 21
9 19
6 4
34 43
31 29
24 3
34 48
17 46
10 32
0 15
6 13
29 38
12 29
35 19
9 45
49 47
23 40
49 36
33 15
36 11
21 33
34 48
8 12
0 18
10 5
7 48
18 42
5 40
4 47
25 14
36 16
16 18
30 17
25 13
34 44
8 47
5 14
17 6
37 26
11 40
41 49
8 21
16 11
12 2
13 5
0 18
19 34
29 31
24 36
22 34
9 21
16 34
49 40
7 3
25 10
16 17
27 6
16 46
27 47
11 38
5 17
29 34
41 37
32 35
36 39
47 38
33 21
20 39
6 25
21 8
4 1
36 10
45 22
18 49
11 49
12 3
20 14
31 29
36 1
21 17
29 9
24 12
1 32
26 45
25 22
49 20
3 24
31 35
49 24
28 11
41 6
26 45
20 41
1 38
45 42
33 17
12 11
47 1
47 30
2 46
22 28
29 48
17 5
28 25
28 16
14 33
11 29
49 0
12 22
30 2
46 9
43 35
22 17
37 22
0 4
21 9
24 14
27 24
11 9
48 6
42 39
33 38
1 42
34 23
7 17
22 38
3 11
27 30
18 20
15 24
48 7
46 17
42 13
30 37
9 45
38 26
36 17
6 29
23 25
42 32
21 44
49 10
11 26
40 17
12 26
2 38
18 25
17 27
41 21
24 36
20 21
17 5
18 30
41 25
25 18
1 46
7 19
8 1
17 18
32 13
49 5
26 33
13 5
22 14
36 40
40 22
13 9
20 44
16 7
48 35
16 17
16 48
6 0
25 17
39 35
33 21
46 49
34 25
9 33
13 6
21 25
44 26
35 29
28 38
26 6
8 37
23 47
6 12
9 45
8 1
11 34
45 24
25 37
15 22
3 24
21 45
48 44
34 29
31 35
17 27
26 35
11 49
32 39
6 36
31 26
32 46
9 23
11 49
46 6
4 35
10 14
10 45
38 36
28 36
0 25
19 45
28 16
19 48
14 20
16 47
30 23
19 49
2 46
41 28
49 30
4 42
47 1
19 9
18 45
37 9
4 24
9 12
18 25
17 38
10 26
45 6
11 38
7 10
0 23
34 5
25 18
5 40
46 28
15 23
29 44
49 40
13 37
43 29
37 18
18 25
36 13
10 1
9 12
39 15
16 9
10 8
19 29
30 10
26 10
36 4
35 38
38 43
39 15
21 10
37 25
23 27
22 4
23 24
49 7
31 22
16 43
17 22
26 6
40 9
0 16
26 13
37 19
44 48
46 25
28 36
15 1
45 22
28 18
16 30
8 13
7 38
12 17
33 11
27 15
36 24
40 18
15 5
41 5
3 25
35 0
34 38
46 0
46 9
38 22
5 13
20 33
45 10
48 33
5 3
48 36
32 48
9 33
20 47
41 43
3 48
36 14
46 47
17 30
40 13
13 12
3 15
30 43
41 9
36 25
1 8
35 19
5 11
36 41
18 8
27 32
18 48
30 14
49 46
9 33
30 35
19 41
8 32
47 43
3 9
23 14
8 49
0 24
30 27
19 13
44 22
23 2
10 35
39 16
24 40
16 4
15 40
41 20
36 27
29 20
1 13
2 21
48 33
12 23
10 2
23 49
40 6
44 38
28 6
45 44
9 38
7 22
41 26
12 18
9 35
45 26
45 14
46 45
10 23
41 2
2 9
30 9
27 20
45 40
20 49
26 48
4 23
33 22
42 45
14 6
10 29
43 21
4 6
45 11
48 34
39 31
46 2
15 12
31 32
23 36
29 47
35 22
11 24
17 8
14 27
18 0
48 11
33 22
13 46
12 14
11 28
17 24
34 41
21 1
7 45
1 14
35 10
24 9
15 18
0 36
2 44
30 19
30 11
48 20
8 14
36 28
10 6
28 34
1 23
2 43
7 42
14 32
5 36
35 0
15 41
17 30
35 30
9 10
34 14
22 43
47 6
39 6
6 48
32 42
19 45
49 22
46 44
28 21
39 1
20 26
19 36
9 47
2 0
33 38
34 11
7 22
4 17
5 1
4 30
48 44
34 32
11 44
21 41
7 33
32 33
46 10
47 3
4 5
3 45
22 37
25 9
41 19
1 33
8 40
12 4
36 12
7 4
5 18
32 25
47 12
3 8
41 33
2 26
35 31
8 2
2 6
39 31
1 36
25 2
32 33
33 3
45 26
20 48
12 6
9 24
6 46
32 35
40 16
7 40
10 7
34 39
10 28
11 13
44 46
18 21
45 7
6 20
8 42
2 47
8 43
45 35
48 31
15 37
35 27
40 3
7 32
28 32
13 26
45 16
28 32
15 4
23 28
7 34
37 36
6 33
31 49
15 45
9 40
13 49
16 14
38 37
49 19
28 0
19 45
36 39
21 35
18 39
1 2
13 37
30 34
32 34
23 3
9 17
39 41
5 17
14 8
2 29
46 13
15 13
19 12
9 36
26 47
48 38
25 38
42 27
8 6
16 26
32 6
2 34
10 42
46 37
25 24
43 19
42 31
3 45
38 39
8 0
18 33
16 44
46 44
44 27
23 37
15 0
42 33
8 46
24 46
21 41
6 19
28 38
22 40
14 48
1 31
43 19
8 6
38 5
2 17
5 10
32 47
16 18
18 34
42 31
27 11
47 21
2 25
27 46
24 43
11 0
19 31
22 41
7 18
1 46
47 31
38 8
21 25
4 14
34 23
28 30
33 32
48 27
8 6
44 35
5 17
25 45
31 13
14 34
27 38
24 29
49 5
6 42
39 49
23 41
6 24
44 24
15 28
9 43
26 46
26 5
27 33
11 26
31 43
31 9
30 47
0 32
24 21
49 48
43 27
45 49
24 28
14 42
38 41
41 32
28 14
14 25
46 4
8 11
14 39
39 3
0 24
49 14
18 38
45 4
10 22
14 44
21 9
14 40
34 6
26 33
2 33
35 27
2 18
29 37
34 25
24 30
1 28
39 32
15 5
0 11
47 44
2 8
35 8
37 38
2 5
32 49
32 5
4 18
18 8
37 29
1 8
4 47
19 38
48 23
4 43
9 6
26 1
21 18
31 9
8 15
35 4
44 2
34 28
14 25
29 0
1 22
39 8
26 48
29 2
45 22
38 12
45 11
46 25
49 45
22 38
17 20
16 39
4 5
25 45
9 14
30 26
11 45
14 45
1 7
7 12
0 33
35 0
22 45
34 21
1 9
4 24
37 46
46 42
15 31
48 25
27 0
9 1
39 17
8 1
4 30
2 21
14 43
34 22
17 49
16 33
9 49
44 29
1 25
48 1
7 13
36 18
49 5
45 21
23 15
45 5
43 5
6 23
22 45
31 41
46 47
38 26
39 32
13 4
5 48
43 1
22 9
41 29
11 46
5 10
11 6
9 20
20 42
11 16
28 41
33 32
8 12
34 48
27 35
30 35
17 21
36 34
10 35
8 16
24 48
21 30
44 28
19 14
3 31
25 29
28 46
24 40
24 23
10 1
9 23
39 9
27 8
32 8
26 44
2 38
31 5
38 35
14 31
2 3
38 25
5 30
46 42
37 43
3 30
3 44
3 0
19 45
43 24
0 48
12 43
9 35
20 45
6 43
29 35
2 8
10 6
9 12
17 10
5 37
23 40
13 20
5 18
8 11
13 25
30 42
44 4
39 44
39 16
32 44
42 8
0 23
42 2
8 9
32 29
45 47
48 36
7 48
25 18
10 30
21 5
34 13
47 16
20 37
38 33
36 35
5 21
38 32
19 35
36 45
12 43
26 38
38 19
42 11
2 40
43 41
44 34
31 12
42 35
17 48
44 32
6 13
22 7
18 7
46 32
28 3
12 41
46 4
1 10
31 18
26 10
32 45
39 23
2 37
35 41
24 26
22 46
22 20
2 23
42 29
4 34
47 31
29 4
49 18
29 10
40 5
41 13
34 31
34 41
0 48
42 25
34 31
30 22
40 21
11 34
10 19
48 24
20 7
12 5
49 2
0 46
45 7
5 22
49 2
15 0
25 11
38 17
10 6
5 41
33 16
10 45
43 46
35 31
10 31
31 4
35 3
38 8
39 24
28 7
5 0
39 26
32 6
31 16
26 12
48 8
8 43
42 18
4 14
14 4
40 1
36 5
39 45
21 13
15 0
36 9
10 15
21 48
9 8
46 7
15 25
26 19
0 2
7 8
12 45
21 1
36 13
24 1
21 27
30 7
12 16
7 41
25 14
37 46
35 42
18 19
12 0
40 7
19 6
2 4
31 19
27 9
20 27
42 1
42 27
9 45
13 4
12 25
3 22
23 46
9 25
5 22
30 37
24 21
18 49
43 8
11 1
21 26
49 30
39 43
8 20
33 43
27 22
40 34
31 38
22 39
10 30
9 22
6 40
39 22
46 19
43 27
41 23
42 33
28 22
44 15
43 22
16 21
17 1
28 20
31 22
3 25
15 8
12 15
28 39
41 29
26 43
22 23
5 34
5 11
27 5
0 19
45 21
38 31
27 3
38 30
10 3
31 24
7 27
22 45
16 22
40 43
10 8
1 16
28 8
16 24
39 0
38 32
13 27
34 44
15 19
6 43
27 18
21 38
5 32
19 31
34 13
7 19
32 17
35 30
34 23
13 2
49 48
49 45
26 1
12 35
44 19
3 2
11 6
26 1
42 30
26 27
41 3
29 43
10 36
47 48
31 32
29 15
22 26
22 12
31 8
28 9
36 28
47 4
34 16
49 24
16 4
22 11
1 19
8 34
14 20
12 18
39 2
32 18
37 30
11 30
35 48
32 2
20 0
1 12
17 40
3 17
43 21
3 43
40 17
30 39
11 6
22 3
34 33
30 37
12 20
25 36
37 10
21 38
36 19
36 14
2 28
43 10
37 36
1 23
23 2
2 43
26 5
31 5
38 33
48 35
2 17
40 24
14 2
32 43
10 49
9 8
48 7
20 7
43 35
48 23
0 35
21 19
20 15
33 23
4 5
31 14
4 23
47 32
7 17
7 38
4 39
28 43
34 27
29 35
5 44
39 3
36 42
42 28
16 38
13 8
28 24
30 25
12 10
12 4
31 39
26 22
45 0
40 38
18 1
47 23
32 9
2 35
8 49
22 34
3 28
26 35
19 20
48 18
11 18
32 25
36 17
39 1
28 1
8 37
8 24
27 6
9 17
8 23
39 31
43 41
31 15
48 3
32 7
41 20
29 45
25 31
36 26
30 35
46 31
12 21
22 44
25 13
42 30
37 16
1 11
48 15
44 8
32 5
49 35
38 33
33 9
9 10
21 46
2 19
12 44
17 2
19 15
41 35
22 18
17 6
40 43
46 29
37 25
9 39
22 46
45 35
41 46
10 34
7 20
35 6
2 29
4 43
16 9
31 33
38 9
36 18
24 25
41 0
0 13
9 1
48 43
12 46
22 12
1 41
12 31
40 17
30 3
35 30
21 3
7 5
38 5
44 37
10 13
12 42
33 30
46 48
11 26
1 36
4 40
14 23
49 23
40 32
16 3
23 32
3 28
46 43
19 31
4 42
27 14
43 31
10 31
49 36
33 25
26 1
8 14
12 18
13 23
18 49
47 25
5 16
5 0
35 45
14 32
5 27
26 34
5 28
5 1
40 39
4 34
32 20
23 38
23 31
14 33
36 19
6 44
43 38
3 12
10 2
42 4
36 25
19 43
7 34
37 14
14 0
34 17
15 31
22 47
6 26
35 15
3 42
17 45
11 9
5 42
0 20
8 13
30 41
23 41
48 46
12 38
19 48
0 21
47 17
31 16
34 31
49 20
40 43
9 12
18 35
28 47
36 22
37 33
15 28
42 3
31 32
45 34
26 0
11 39
42 16
17 16
42 48
2 40
40 6
4 21
29 38
49 48
17 24
12 41
30 21
46 22
38 15
36 29
23 48
5 28
18 3
11 49
15 1
20 43
30 39
44 32
5 4
13 23
35 29
21 6
24 22
10 47
25 28
47 12
3 44
5 37
20 7
31 43
16 17
9 10
28 43
44 48
40 10
19 0
3 24
36 41
9 3
15 23
13 16
45 12
41 29
49 35
14 36
13 46
35 39
49 46
27 29
2 6
10 28
41 42
24 33
10 37
16 31
27 39
46 22
39 49
10 38
36 35
36 17
47 37
33 24
23 3
44 22
20 22
39 6
11 36
29 4
35 27
48 42
0 10
44 10
44 35
46 5
14 39
14 21
4 26
41 33
48 45
11 37
48 47
2 47
6 33
19 14
48 4
33 21
24 16
26 19
42 28
32 6
34 49
25 30
26 37
49 41
36 6
7 40
22 33
10 40
18 36
46 25
4 31
7 29
28 12
41 11
23 3
4 26
43 18
16 24
20 17
46 17
39 28
5 31
13 2
23 7
16 45
7 11
7 45
28 8
13 23
24 25
47 14
37 12
6 11
36 27
3 48
20 46
8 47
10 29
37 44
10 37
0 17
11 35
7 38
45 43
5 40
2 44
35 20
2 13
21 38
23 27
23 31
31 46
37 13
32 28
8 31
34 25
0 36
13 15
18 31
37 30
30 23
25 37
44 2
33 3
39 3
1 3
11 9
33 48
43 14
1 17
31 36
3 23
18 1
1 21
7 4
30 11
28 3
17 22
39 10
46 32
28 29
29 41
30 36
25 5
45 35
32 13
11 41
3 23
16 48
8 30
13 7
23 27
5 35
1 16
17 25
28 39
18 2
33 18
37 44
4 10
43 49
3 35
13 49
19 16
0 44
48 16
9 39
1 29
9 34
6 24
33 22
36 26
3 19
12 43
18 21
11 7
23 22
19 2
19 24
45 8
40 28
0 31
36 3
19 48
33 1
8 7
13 38
42 49
29 36
33 6
23 4
43 25
12 30
34 7
22 42
24 33
15 26
11 21
22 29
8 24
22 37
45 8
45 19
26 32
22 14
18 43
2 36
20 0
42 0
34 23
45 40
14 6
48 40
9 39
21 48
28 46
29 17
5 31
10 12
15 5
28 6
0 37
43 47
15 18
30 2
35 0
26 17
27 24
2 5
10 24
49 43
37 4
34 2
14 6
35 39
15 32
44 17
13 7
32 34
15 38
45 30
45 8
41 0
28 20
19 25
13 28
9 36
10 32
0 21
37 48
43 15
33 4
4 27
40 5
10 9
43 10
31 6
22 5
19 30
40 4
48 6
22 10
25 15
38 46
41 43
40 46
19 21
14 47
35 29
14 47
38 46
3 42
39 8
21 14
18 8
44 28
28 38
7 14
12 45
42 27
15 32
31 41
4 34
37 14
6 26
48 32
48 36
43 4
17 9
4 40
22 3
24 0
48 6
5 47
22 19
0 14
29 2
12 28
44 7
38 24
39 29
44 26
9 42
9 46
15 38
23 38
45 40
28 46
7 36
35 28
24 15
12 0
35 41
20 28
34 30
23 13
27 46
19 49
12 25
43 14
31 26
46 7
1 0
44 26
47 29
21 46
44 23
5 11
12 0
47 45
42 21
1 26
14 8
49 40
8 40
23 24
17 44
14 5
13 41
9 26
18 0
22 46
15 0
3 12
40 0
31 11
3 49
38 48
12 37
28 46
49 3
26 39
43 14
20 47
14 0
0 33
47 28
13 32
40 27
24 20
13 25
21 46
34 46
28 13
40 31
14 8
0 27
47 5
8 49
48 42
35 21
33 0
13 12
30 20
7 8
11 30
2 47
24 4
28 0
34 26
13 7
4 20
35 43
37 21
9 26
4 40
22 8
37 3
17 36
37 32
36 9
8 15
45 35
42 39
25 41
2 39
14 27
17 21
48 11
8 16
16 26
25 3
26 14
11 35
46 13
49 31
32 24
23 19
1 37
48 34
29 20
1 36
19 44
5 46
16 35
18 45
27 19
40 39
24 43
26 23
31 46
30 18
49 37
24 31
0 22
6 8
22 41
24 15
20 39
18 37
24 28
49 42
20 15
39 2
38 9
28 21
33 15
30 7
17 18
24 21
17 22
25 31
48 39
7 11
17 33
11 30
37 38
17 28
25 34
2 27
8 22
12 7
16 19
20 11
8 31
39 9
43 37
35 47
10 14
7 5
28 11
47 48
2 45
39 40
16 4
3 22
10 48
29 27
3 40
3 23
0 8
11 43
22 41
0 43
43 46
12 17
40 12
41 43
21 44
30 48
0 27
10 41
40 42
20 48
33 26
2 30
44 24
32 5
20 15
37 44
12 5
27 40
38 32
19 14
43 26
6 27
2 46
24 3
18 46
44 43
29 35
6 38
8 4
37 45
27 35
24 7
34 37
13 18
24 14
26 39
39 33
18 7
6 16
6 46
8 32
30 35
34 30
11 21
22 43
30 44
36 43
42 49
47 29
41 14
30 2
28 30
42 43
42 13
7 40
20 24
15 11
9 20
37 26
22 10
42 18
41 43
23 11
31 9
25 14
20 4
32 19
0 46
30 47
43 41
20 32
7 34
9 44
19 8
27 10
35 46
33 29
15 19
19 42
20 27
13 4
17 22
29 27
3 24
24 31
48 14
10 35
37 45
34 41
5 40
48 41
0 29
14 37
15 8
2 23
37 0
39 15
31 35
18 32
28 5
29 24
2 14
20 16
15 33
19 24
18 42
1 30
25 0
30 39
46 16
23 47
25 39
16 9
14 33
48 9
8 21
29 11
13 23
39 33
29 23
33 11
23 14
23 40
15 34
7 19
23 10
22 20
9 47
48 20
10 36
26 35
7 48
17 11
24 36
42 29
49 18
8 30
45 21
3 20
9 14
18 32
33 22
36 29
23 33
40 17
20 2
39 1
49 37
21 43
11 33
12 7
15 29
27 3
43 40
47 45
44 48
28 40
32 22
36 28
11 7
9 5
23 35
6 5
33 42
33 3
49 3
10 28
42 18
11 41
4 43
14 31
21 46
46 10
7 44
14 44
0 32
6 8
20 44
34 29
1 14
25 9
9 23
1 14
46 18
15 38
20 19
24 9
0 40
12 17
42 49
41 17
11 28
10 11
10 31
0 20
19 11
11 24
26 37
20 40
47 5
15 31
41 8
11 46
16 5
42 32
8 21
38 25
13 14
14 26
22 27
10 39
12 30
15 48
40 42
47 3
19 45
27 22
23 29
17 1
28 3
30 27
10 18
47 37
22 46
11 31
12 21
20 14
8 40
16 31
12 0
32 34
6 15
25 42
38 48
18 21
28 30
3 39
45 22
13 20
0 13
6 34
21 4
41 17
6 41
44 12
26 31
4 13
35 12
30 29
22 3
46 30
32 38
43 35
40 43
40 25
9 35
32 10
30 28
10 35
42 40
2 29
3 22
26 5
8 48
43 22
45 16
36 18
32 26
14 42
43 48
7 0
0 47
10 36
42 24
9 6
24 48
27 36
45 19
33 2
40 18
27 17
38 11
20 49
31 27
28 4
4 18
13 45
7 23
1 41
1 9
43 15
20 44
24 46
10 20
41 22
2 33
20 49
19 38
3 47
41 30
42 8
36 20
43 24
44 7
17 9
15 27
27 25
29 44
23 36
7 15
20 26
26 45
4 5
49 40
29 4
6 37
12 4
8 39
17 8
27 43
15 16
14 28
38 7
11 32
39 48
25 26
35 38
23 18
41 9
43 0
31 6
43 23
12 26
31 11
6 21
31 20
41 23
5 7
44 36
40 49
14 20
29 3
42 7
7 15
46 18
28 17
40 32
17 2
37 9
13 42
3 30
43 10
23 39
36 4
49 35
4 3
25 47
49 12
19 28
29 2
16 17
22 28
14 45
39 8
8 2
38 10
6 8
13 3
32 39
27 1
2 13
22 46
15 37
38 11
0 28
18 42
33 48
1 45
30 20
25 31
15 23
15 19
4 41
25 14
3 19
45 40
6 25
12 43
48 2
1 45
27 25
12 47
4 26
15 44
47 49
47 43
39 3
22 15
49 20
5 47
41 8
30 39
45 36
10 2
44 43
46 23
0 23
34 24
22 39
35 31
20 2
10 9
4 34
14 3
28 39
6 47
10 40
41 49
43 49
15 44
7 28
9 23
49 40
31 26
32 37
15 33
8 28
42 49
2 26
2 3
35 45
19 21
36 6
22 30
30 9
47 33
18 49
33 38
42 25
44 30
24 22
17 18
30 35
6 40
49 0
42 49
44 35
43 49
21 12
26 14
42 6
35 48
13 22
17 36
44 48
46 36
19 48
14 15
7 18
49 19
31 17
14 41
39 5
46 12
5 13
14 18
7 28
35 46
26 0
46 30
21 20
43 0
17 0
46 4
7 13
29 30
34 7
16 48
40 13
26 13
39 42
34 44
9 19
9 40
26 8
30 8
43 42
25 10
45 26
45 16
18 22
40 2
36 8
38 40
16 20
19 30
49 21
43 29
49 26
30 25
0 23
21 13
33 10
12 26
35 45
1 35
1 20
31 48
17 47
34 44
46 15
6 25
42 7
22 42
28 36
20 38
35 36
18 47
32 40
1 34
2 48
6 2
31 47
26 21
4 25
1 32
29 21
3 47
49 43
15 41
27 36
1 21
12 46
13 46
34 15
4 9
40 8
22 10
2 32
10 46
26 46
45 42
38 8
0 18
13 4
3 27
38 18
41 47
48 16
29 46
9 42
26 48
11 38
44 45
0 48
6 37
25 5
9 0
38 22
27 31
5 21
43 36
49 1
35 45
26 3
25 6
28 47
36 41
13 25
22 3
13 27
37 20
29 38
2 40
31 35
24 31
16 27
39 11
23 24
32 45
49 32
11 49
27 48
8 42
8 49
46 45
38 2
45 49
45 10
34 8
4 41
45 43
41 13
35 42
35 28
9 31
1 13
14 12
38 3
31 18
27 26
4 42
26 36
7 15
21 1
22 27
4 18
19 49
17 29
1 25
47 20
23 1
43 2
38 4
10 41
38 36
22 38
13 8
41 0
46 9
14 16
22 25
27 16
25 24
37 3
19 43
4 31
13 46
35 34
16 11
25 1
32 7
47 25
13 39
1 49
41 46
8 0
39 14
22 8
44 22
1 25
31 27
8 46
8 26
39 49
44 46
34 29
2 46
34 5
2 36
8 30
12 10
42 27
33 18
9 36
24 13
32 20
43 29
19 0
48 19
2 19
2 6
23 45
7 49
45 49
11 47
37 25
17 44
40 47
11 7
4 39
11 42
3 6
19 36
20 44
24 14
14 46
22 12
35 29
17 12
23 42
23 37
12 5
24 4
19 6
43 7
33 30
9 10
34 5
39 5
2 6
30 48
16 11
31 3
24 15
28 25
42 3
30 5
47 34
12 34
16 38
21 8
24 39
44 16
29 41
21 18
31 38
4 28
16 41
34 20
43 28
27 41
0 7
30 18
24 5
23 16
32 23
3 35
10 40
35 0
7 30
24 8
20 42
33 46
28 3
34 20
13 38
44 29
2 21
23 34
25 6
16 24
35 25
13 20
31 15
30 27
16 24
12 31
18 36
32 31
25 19
22 6
26 12
21 11
2 37
38 13
33 10
28 27
48 25
47 16
38 44
24 18
37 38
12 33
35 43
30 37
2 23
33 41
28 3
2 21
46 27
29 38
9 8
38 24
21 9
15 35
39 3
14 18
32 27
28 36
35 7
13 26
35 26
7 43
42 43
29 38
29 11
8 0
8 7
13 41
36 18
2 12
13 49
0 26
9 37
27 10
12 20
8 47
14 34
23 31
43 34
40 46
41 2
44 4
26 25
21 49
47 38
41 20
32 38
3 0
40 26
21 2
39 11
36 12
47 11
4 43
35 33
4 49
11 0
11 35
15 29
28 17
5 22
20 30
17 13
13 17
1 47
30 35
22 14
36 28
25 34
11 34
44 11
18 43
26 10
21 12
39 8
49 25
8 26
7 26
44 15
49 39
48 18
34 49
31 2
10 23
34 9
33 32
10 18
36 0
35 14
3 25
26 46
37 17
47 15
7 24
35 5
12 46
22 44
46 19
1 30
10 28
40 37
17 10
44 16
49 9
21 33
16 10
31 22
24 22
25 21
2 0
45 28
10 37
3 18
37 2
2 27
26 35
4 8
44 2
40 1
31 23
9 13
4 49
23 2
26 32
33 47
17 23
19 48
1 37
18 37
25 13
1 47
40 1
31 48
27 26
33 23
23 8
2 38
24 2
29 28
31 43
22 13
8 36
41 5
16 5
7 4
24 46
34 44
38 6
42 30
15 18
1 26
11 29
25 46
12 5
44 13
48 15
8 38
12 22
22 41
10 11
15 25
29 35
9 15
37 21
38 30
18 41
4 7
37 8
49 36
31 12
7 0
43 46
5 28
38 7
18 2
8 20
14 43
5 28
1 42
12 47
9 6
48 25
18 15
10 14
20 4
33 14
25 7
1 39
43 16
11 2
1 13
47 24
10 31
8 25
26 24
22 5
0 14
6 36
37 39
37 1
22 42
18 14
4 23
37 42
3 19
46 8
38 23
4 15
5 28
6 5
5 42
32 14
19 9
26 35
42 11
41 43
19 45
15 24
30 16
8 35
23 17
7 48
49 22
2 37
39 13
32 7
15 34
39 0
3 33
15 48
34 1
36 42
2 38
44 24
10 41
26 48
39 19
29 18
16 43
26 4
15 20
11 3
29 13
27 9
36 48
22 31
46 10
35 5
15 20
26 37
13 44
8 28
6 0
10 39
39 35
48 20
15 33
40 24
47 0
35 48
32 17
38 39
21 48
42 11
38 0
37 25
47 37
42 25
18 35
21 14
25 36
7 41
18 9
12 18
33 11
19 7
19 41
23 18
1 8
41 4
26 17
40 12
12 16
44 26
46 49
37 17
37 41
1 24
9 43
15 24
41 27
47 11
2 20
16 5
46 19
0 12
18 9
18 36
9 48
0 24
39 25
26 29
4 16
4 3
8 34
22 10
8 44
47 34
15 22
37 4
8 42
37 35
15 16
4 15
46 4
16 22
31 29
13 47
10 34
43 27
16 9
29 38
33 46
28 23
19 33
8 32
26 12
15 38
49 21
49 16
24 8
18 0
1 25
49 25
7 39
23 37
37 19
38 40
29 11
20 32
34 35
14 8
0 39
21 7
41 36
16 49
16 45
28 27
31 5
29 43
13 3
31 16
11 8
19 10
44 23
6 34
21 18
48 27
49 11
46 12
19 30
38 2
46 47
48 43
3 28
37 10
39 9
39 9
13 21
6 24
23 32
42 43
2 37
8 25
42 43
19 38
10 28
43 25
9 23
18 29
34 14
14 12
8 39
17 37
4 45
33 38
8 3
18 2
18 28
19 21
47 13
8 39
32 10
1 33
37 28
5 26
8 19
22 31
21 24
3 28
25 15
32 20
13 4
8 28
40 27
10 9
15 40
30 15
14 19
5 26
13 23
8 20
34 30
8 30
36 1
27 29
42 8
39 1
26 19
9 31
8 48
31 33
17 35
49 46
45 15
26 23
3 35
25 35
19 7
36 2
43 0
45 25
23 26
39 25
14 27
6 36
40 5
13 42
14 7
1 21
9 37
9 2
7 2
46 11
45 10
25 19
11 33
5 19
44 38
26 30
39 44
28 12
1 7
32 42
19 26
46 13
47 12
34 33
6 36
21 32
10 26
0 34
26 35
47 21
43 20
26 17
36 31
21 25
43 8
9 32
44 43
17 14
49 4
39 34
42 4
5 22
39 21
39 1
33 12
25 41
40 12
41 3
47 14
32 48
24 10
23 1
29 12
10 36
21 6
12 22
0 9
32 7
24 3
29 10
24 39
32 46
35 25
41 44
28 4
45 42
36 33
5 46
47 26
27 18
0 34
39 11
0 29
14 20
13 14
24 15
2 10
4 33
48 31
32 16
16 33
42 5
14 28
2 31
23 31
49 10
31 25
9 12
20 18
16 21
17 39
24 45
15 10
49 33
23 43
44 28
46 18
3 39
47 2
46 0
12 30
5 9
33 1
17 48
45 26
7 23
32 47
32 3
15 43
32 25
3 38
9 42
4 43
49 4
28 7
25 7
29 48
19 3
33 14
17 24
28 6
47 4
41 43
29 45
22 34
11 13
1 29
23 19
24 11
28 35
3 37
47 41
12 36
15 42
33 18
6 0
39 36
16 26
33 15
18 44
34 28
36 17
42 3
21 30
48 14
37 19
4 38
26 24
36 33
45 39
21 36
43 48
24 30
30 3
33 44
7 48
22 11
3 17
0 43
25 21
0 27
18 19
8 26
14 11
47 43
32 49
13 40
47 42
4 2
34 44
16 29
45 42
18 49
17 4
24 25
11 49
8 10
4 7
4 2
16 43
0 40
14 48
48 39
39 17
29 44
47 10
40 33
16 27
23 49
48 43
5 25
5 8
39 22
4 22
8 25
20 35
41 9
13 17
3 22
37 43
45 1
36 9
22 16
17 21
10 23
28 15
10 11
34 10
11 20
26 13
44 22
6 47
2 18
22 17
44 35
46 26
42 33
16 7
17 24
46 28
4 9
33 27
16 6
41 16
44 12
40 13
13 44
30 48
44 10
39 38
10 17
35 1
49 8
40 29
4 31
38 20
49 10
27 7
0 41
14 22
7 33
48 0
39 9
30 18
10 48
28 12
41 30
32 35
37 6
13 8
44 39
16 30
15 7
1 49
8 25
21 35
3 45
27 13
9 3
36 23
19 47
0 6
7 21
31 48
13 21
37 20
16 45
39 1
5 37
13 11
47 12
16 48
5 30
1 2
12 47
45 11
15 44
36 48
31 9
12 9
6 25
14 15
34 21
26 21
5 24
15 26
3 40
20 23
15 43
13 27
35 33
47 35
16 18
2 30
26 21
27 11
46 20
35 39
15 32
23 46
32 36
12 47
14 47
18 0
20 40
30 45
46 3
31 42
41 18
7 48
30 14
12 19
23 48
30 9
1 17
2 10
37 46
48 37
48 6
24 31
15 1
32 3
48 12
5 33
16 36
21 28
13 36
33 6
42 18
38 37
33 8
46 2
31 19
46 25
9 13
4 22
24 19
32 13
19 20
1 0
27 14
26 48
21 46
17 3
27 6
32 37
14 38
30 49
30 49
41 12
33 36
21 17
8 9
42 1
29 43
22 17
32 19
49 28
31 1
45 40
46 9
31 1
4 6
21 20
31 19
2 37
46 18
31 21
30 25
46 22
10 12
22 29
27 28
41 38
3 25
37 18
23 9
13 20
4 9
42 1
49 33
40 24
33 47
41 47
16 41
37 13
48 26
15 46
20 31
18 44
35 9
21 5
30 48
48 33
8 30
3 0
19 48
30 20
7 8
30 5
45 16
39 1
46 7
1 19
0 5
48 5
23 22
15 5
2 12
16 46
1 33
36 26
39 33
9 27
41 1
11 10
8 15
19 38
3 4
46 25
36 34
13 4
25 5
49 44
21 0
16 7
45 28
31 24
46 34
7 25
19 35
11 37
14 1
27 24
15 45
20 17
28 46
32 22
44 33
16 25
35 30
30 31
19 30
17 15
19 2
45 34
42 9
46 49
45 37
20 37
39 25
31 19
33 5
9 31
25 11
38 11
4 35
2 9
22 35
5 32
33 7
20 10
43 2
29 37
21 40
11 28
14 48
34 0
14 45
15 1
25 6
2 18
29 20
24 14
7 18
19 21
1 23
33 38
31 41
3 0
5 44
30 19
8 26
8 31
2 39
0 34
36 15
46 31
27 5
6 47
47 17
44 25
40 1
40 17
3 23
34 28
21 12
33 4
49 9
10 41
21 30
49 41
35 40
13 31
20 44
48 19
43 10
25 38
41 38
44 23
49 13
17 21
25 43
2 38
5 17
40 22
28 40
28 16
25 14
29 14
28 18
19 38
21 45
24 31
14 31
1 25
36 7
37 17
28 49
24 35
9 37
33 36
42 10
42 28
17 28
7 25
42 15
49 40
16 47
42 9
44 42
21 41
35 10
20 49
0 36
6 35
25 43
9 13
41 31
38 7
43 33
31 14
25 49
37 24
14 6
44 12
15 44
1 45
11 13
13 1
35 10
7 11
34 32
3 17
24 11
15 8
11 5
31 8
18 36
38 46
29 21
23 6
36 17
14 39
33 14
5 45
29 32
19 32
34 48
12 3
19 42
40 11
25 43
41 7
21 47
48 13
46 34
7 49
23 24
23 39
36 28
37 38
10 3
35 28
1 7
43 21
25 27
47 46
19 25
40 31
16 12
32 26
38 3
19 25
26 35
42 23
45 3
42 31
8 20
4 49
8 24
10 42
22 46
13 41
15 49
42 47
2 34
22 40
12 7
25 42
14 33
13 2
41 45
30 28
3 36
14 23
32 16
17 26
0 26
30 2
24 46
4 26
2 19
44 6
48 2
21 32
36 33
16 11
2 1
26 19
43 33
33 18
37 3
23 47
29 48
21 28
20 23
15 30
36 9
46 43
20 21
17 21
11 34
12 17
14 17
26 9
36 43
27 21
42 28
15 48
37 33
40 35
37 40
3 16
13 27
19 13
10 34
24 28
6 37
32 22
34 3
3 2
20 49
39 27
8 2
11 12
32 6
5 14
35 9
18 24
15 37
15 8
12 13
41 4
9 47
10 37
38 23
21 8
40 11
13 6
17 33
10 2
12 28
14 34
10 42
15 41
17 37
3 18
9 40
30 32
16 18
7 22
16 21
6 8
37 48
22 12
49 10
1 4
45 30
29 4
7 20
1 41
37 33
31 16
33 39
5 48
1 20
3 44
39 49
0 32
43 47
0 15
21 49
27 5
8 42
20 3
43 6
24 26
25 16
4 36
14 4
2 21
14 16
19 49
33 2
29 23
23 13
29 9
8 29
18 38
2 20
27 14
41 38
13 48
1 18
6 49
46 41
3 13
37 44
2 38
48 26
1 34
10 15
15 23
43 27
22 17
12 1
4 32
27 24
44 43
14 5
33 30
0 26
1 4
16 31
11 48
36 5
43 49
4 19
48 49
21 3
31 23
2 20
31 10
39 4
43 2
32 10
12 29
13 33
7 13
16 23
32 20
45 34
13 30
8 23
46 41
24 34
40 26
49 0
20 30
39 42
0 29
48 41
3 39
21 41
11 26
7 38
46 9
11 20
48 49
0 2
48 46
8 39
29 43
25 9
2 11
46 7
9 44
12 47
9 42
25 43
18 28
13 49
32 25
47 46
33 8
31 9
9 45
46 0
38 48
3 36
28 23
5 3
30 47
35 40
48 19
14 4
26 48
0 48
19 33
8 37
16 9
28 44
39 24
0 15
37 7
29 23
34 27
10 4
21 2
44 42
40 7
25 47
26 35
22 18
8 31
24 22
30 32
49 31
23 29
45 27
11 42
0 38
25 39
5 45
31 4
35 34
46 0
33 17
36 19
33 31
7 41
9 23
11 31
10 36
21 26
48 17
20 15
3 21
10 43
24 43
39 15
12 49
46 47
18 34
34 32
47 46
28 27
8 22
49 42
41 30
37 40
46 48
8 32
31 30
22 12
19 7
42 0
26 48
2 49
29 15
9 19
49 26
2 41
33 2
17 8
43 8
2 18
4 12
2 39
45 2
5 9
35 49
46 43
14 36
42 45
16 19
12 40
17 29
34 12
43 9
17 36
33 39
29 44
3 26
38 49
23 2
19 16
41 26
15 48
34 49
35 31
36 30
30 44
41 0
29 8
9 23
20 1
49 37
0 35
34 26
35 2
21 47
35 7
18 9
10 4
8 28
15 42
40 36
15 40
49 28
21 0
36 46
46 34
8 15
2 1
33 5
34 29
32 44
10 5
30 32
40 11
33 49
22 1
29 40
6 0
18 42
45 48
6 12
32 36
31 43
48 13
38 18
9 24
21 31
23 33
25 30
32 25
38 5
21 33
27 46
15 13
35 3
8 30
2 12
17 22
3 4
5 22
11 41
22 13
36 5
27 20
21 42
11 20
49 14
6 3
10 5
18 29
25 37
36 23
2 5
24 7
48 8
17 19
23 10
2 40
14 4
27 31
37 19
11 24
33 6
22 46
22 47
31 29
4 24
13 25
5 26
39 12
18 27
37 5
21 19
37 18
45 0
32 35
10 46
28 27
34 40
30 18
29 38
40 10
23 13
7 20
1 17
22 3
46 9
2 18
9 3
43 23
19 14
37 31
22 45
31 28
4 47
44 46
23 12
27 16
13 42
35 25
16 11
5 7
44 30
9 30
31 43
0 29
32 42
31 47
2 28
11 30
40 9
3 23
34 11
30 22
20 29
10 26
30 19
10 38
22 30
37 26
22 17
16 33
6 47
6 20
30 19
44 21
21 29
5 30
17 44
7 26
42 27
37 38
42 0
41 12
19 46
17 32
20 10
15 6
36 30
45 47
37 19
0 29
7 13
9 8
8 16
36 21
11 36
18 39
12 49
7 16
9 38
14 8
41 23
42 33
8 6
25 24
14 20
47 21
37 11
39 31
35 48
47 0
27 38
32 30
36 2
25 24
26 25
7 22
43 30
42 19
15 28
16 46
3 18
5 25
0 26
16 31
45 48
35 1
21 18
6 14
13 34
0 33
33 40
13 12
15 14
12 31
48 30
36 7
8 2
44 7
45 25
3 14
36 47
18 40
21 45
34 0
49 16
25 37
47 36
48 8
17 5
6 19
32 41
12 4
30 2
4 27
4 30
21 24
23 10
13 3
15 1
2 29
5 48
27 10
39 32
44 4
41 3
47 38
29 48
14 22
49 47
28 22
41 27
47 27
26 12
0 2
46 11
5 6
24 10
1 40
20 13
5 26
46 27
32 13
47 45
37 39
48 7
39 45
31 12
22 16
26 22
0 14
49 4
1 31
19 23
38 1
27 37
22 44
45 47
27 40
3 26
11 44
38 43
34 19
41 28
13 9
2 29
18 45
36 4
10 40
27 3
48 30
48 3
17 2
31 24
1 14
34 9
18 13
23 28
19 32
15 24
14 32
13 8
7 2
0 37
44 38
45 4
31 0
10 32
44 35
19 30
47 7
31 35
3 46
8 15
47 49
48 22
28 43
6 11
12 24
12 20
12 39
48 30
11 30
46 36
15 14
2 33
6 26
17 14
14 12
8 26
15 17
40 21
3 36
28 45
30 21
18 13
2 4
27 24
3 20
35 12
42 48
3 5
19 46
31 10
14 31
35 2
34 6
12 45
46 6
15 46
1 24
31 29
31 17
44 34
28 11
22 20
18 42
6 16
13 17
23 21
4 14
14 11
7 17
39 43
14 22
17 47
33 10
46 43
8 4
30 40
21 15
4 33
22 16
44 32
33 8
17 1
46 37
48 14
12 24
12 0
33 12
7 34
20 33
5 1
39 28
25 23
8 28
34 36
34 18
23 35
2 31
31 11
10 39
8 5
13 35
42 13
2 7
28 11
10 35
10 25
34 31
13 37
1 10
19 0
26 42
8 9
48 28
37 13
43 26
10 29
3 18
5 20
3 22
46 25
20 49
21 2
38 3
40 33
23 47
15 44
36 30
32 5
45 15
9 1
36 20
28 20
48 19
47 45
31 37
1 24
44 14
32 18
7 36
24 40
45 2
4 27
11 7
31 39
48 13
31 5
23 41
8 48
38 3
25 42
25 48
48 46
5 35
31 39
34 23
27 48
36 25
42 13
17 9
7 19
35 39
27 43
1 46
44 6
31 32
48 37
2 27
27 35
15 16
26 39
43 7
6 49
25 36
13 6
16 36
0 4
2 14
8 49
10 35
1 48
25 4
36 25
13 39
27 45
29 2
40 45
22 46
44 17
0 19
26 1
36 49
30 49
49 8
2 35
4 17
4 30
45 37
20 14
33 5
21 23
24 41
35 47
11 29
19 5
46 42
36 12
49 8
17 37
27 32
33 17
37 31
5 28
11 28
46 13
31 12
34 24
16 39
47 48
27 30
45 31
44 16
2 25
18 2
43 9
7 10
25 4
30 14
36 47
23 4
16 44
39 48
6 14
5 9
30 19
6 30
2 7
30 33
25 36
29 25
1 31
6 42
25 7
4 35
41 27
40 33
35 18
19 17
45 2
13 35
29 41
49 14
31 10
49 17
24 42
40 26
31 4
47 23
30 7
40 27
15 42
46 41
1 37
0 13
15 12
41 47
39 28
45 30
30 11
7 37
18 32
30 23
0 33
27 40
16 25
43 46
9 28
17 15
17 18
23 3
0 8
46 32
48 37
31 35
17 33
30 41
6 4
13 4
30 29
12 11
34 24
28 41
2 31
14 46
13 20
34 48
43 8
1 35
32 6
37 3
5 28
33 31
45 27
16 24
28 42
32 49
44 24
11 26
31 26
44 48
3 5
48 16
38 7
32 2
7 32
22 11
45 5
21 7
1 27
49 18
18 21
22 42
7 49
26 48
40 45
47 40
19 3
17 45
8 35
26 19
48 33
15 19
46 14
22 45
40 35
22 19
49 1
22 21
30 5
11 34
11 33
44 9
41 16
46 25
42 48
36 2
28 3
9 33
30 4
43 46
9 36
0 21
30 14
24 30
36 33
18 28
44 33
5 24
46 12
38 9
37 31
30 12
38 32
36 6
15 46
3 38
12 35
18 11
12 2
41 36
38 0
18 45
4 7
33 26
3 40
2 22
30 36
8 5
0 42
39 2
31 5
13 25
11 38
31 16
46 15
19 9
48 5
17 28
35 26
35 20
39 17
44 19
18 4
19 42
0 39
9 46
29 15
9 38
23 42
39 0
23 47
2 9
44 16
5 15
32 47
8 28
24 47
33 41
21 30
45 23
25 28
23 16
22 21
21 35
8 29
15 20
1 19
30 43
11 30
37 1
11 26
4 6
47 0
34 16
26 9
37 1
25 48
16 46
38 2
48 38
17 14
45 6
42 26
42 34
6 47
38 1
1 2
1 38
21 6
40 32
15 37
17 49
36 48
36 18
21 27
32 5
1 18
4 13
15 21
33 18
13 44
27 37
44 39
3 33
4 38
2 16
5 11
4 35
39 23
35 36
42 30
8 46
9 3
3 5
18 19
4 37
6 1
1 35
41 19
3 8
29 46
25 41
20 1
6 13
43 27
1 8
12 42
8 22
23 11
2 18
8 18
12 23
36 37
10 44
3 12
30 33
33 16
30 6
38 9
37 1
9 19
23 19
5 31
47 43
23 25
2 41
25 33
37 23
16 33
45 29
2 49
19 37
34 28
15 25
16 33
26 0
11 37
20 14
41 6
7 0
10 34
22 12
39 36
46 35
13 48
35 2
41 20
47 14
35 43
26 31
22 21
7 44
4 10
18 22
11 26
30 24
33 35
41 19
8 44
36 42
49 9
15 43
16 26
14 7
6 27
22 2
4 13
43 40
26 34
40 21
27 17
11 16
18 5
24 45
44 1
43 10
2 1
1 27
40 41
9 25
8 17
7 19
49 26
2 37
36 2
40 24
45 28
42 7
45 7
11 24
43 34
13 27
28 22
21 35
28 32
2 20
32 29
15 14
23 24
44 26
24 28
44 23
32 0
41 38
29 26
17 43
24 32
11 45
44 29
30 5
4 16
24 37
8 17
1 47
14 44
32 29
4 32
4 34
46 43
2 24
36 3
44 8
18 3
12 7
22 29
31 47
49 44
26 18
36 41
46 28
22 24
26 14
31 15
37 39
6 10
21 13
6 44
15 7
31 18
44 24
41 21
48 43
8 33
33 11
43 12
32 33
38 3
43 26
24 17
9 31
25 9
32 5
24 41
23 32
35 14
7 23
33 9
42 48
32 48
44 30
30 10
7 21
25 40
11 8
25 43
42 10
8 22
16 13
49 0
1 34
27 47
45 25
27 7
7 26
44 12
16 34
32 37
32 22
42 40
7 37
35 10
15 43
12 29
18 36
6 2
23 28
7 39
19 9
30 2
18 46
3 16
26 30
42 36
45 38
36 14
8 36
44 40
2 11
7 28
29 21
7 2
5 12
9 15
13 1
28 31
19 3
46 22
2 15
18 21
4 49
36 46
41 19
47 18
17 30
45 41
43 37
38 7
24 38
25 9
25 33
30 9
48 0
7 35
10 19
46 33
17 45
4 27
29 30
39 23
33 25
30 5
41 33
46 6
49 27
5 39
42 20
27 39
1 13
10 11
2 29
27 9
47 28
32 12
9 28
48 11
8 4
25 44
36 15
1 31
31 28
32 8
16 23
31 10
11 27
18 48
26 22
22 25
24 4
6 23
19 44
23 5
0 3
12 3
24 8
35 36
38 19
27 12
45 16
20 39
20 2
32 19
20 27
23 10
41 31
23 45
26 31
30 46
49 11
34 14
32 49
25 14
20 40
33 21
14 0
27 45
26 36
43 2
15 34
10 47
40 2
1 20
37 33
10 12
26 19
34 8
24 16
9 17
23 18
8 37
30 7
2 11
48 43
26 17
14 13
12 41
5 22
38 44
42 24
20 37
32 16
5 36
49 2
12 48
11 10
44 37
13 1
20 25
14 44
22 39
1 15
42 36
21 32
2 20
36 3
12 45
19 5
0 45
12 43
16 11
43 35
48 49
38 44
37 6
8 42
8 32
32 29
38 43
11 8
4 46
5 49
19 7
33 44
13 35
10 14
34 22
37 19
43 26
36 0
32 29
42 45
11 21
6 37
6 34
26 43
2 37
18 37
22 34
27 35
7 22
10 35
31 36
16 25
5 19
19 15
6 23
29 43
3 26
26 11
15 43
30 13
37 6
44 49
43 12
35 12
9 45
41 8
27 14
12 10
24 23
2 9
36 31
32 46
25 10
26 7
5 41
24 0
20 10
27 49
0 11
25 19
45 13
19 2
10 15
18 6
25 11
16 6
48 44
43 23
13 46
0 24
24 28
32 34
18 6
22 37
43 30
48 40
35 2
12 40
46 26
40 5
12 8
1 43
47 48
8 18
44 47
44 7
16 39
1 23
9 43
39 25
22 8
30 40
35 26
45 38
48 11
42 23
47 3
48 34
23 42
40 27
12 25
22 47
7 22
12 2
33 49
22 4
32 34
13 14
40 4
33 15
19 8
22 17
34 3
40 43
49 1
19 9
16 43
17 41
48 16
17 28
32 40
23 48
29 38
49 5
1 24
36 5
8 49
42 48
10 40
48 19
26 33
2 43
43 17
14 4
30 37
4 33
4 33
48 49
24 40
41 30
4 26
49 31
21 5
7 9
41 44
33 4
23 5
49 39
46 5
34 30
18 36
27 26
19 40
23 29
0 2
3 7
0 3
7 11
14 27
2 8
38 37
21 47
9 3
46 4
39 31
44 43
10 23
35 45
7 36
38 20
3 6
45 37
24 35
30 26
35 24
19 8
7 29
42 22
2 15
7 15
33 26
35 21
5 43
45 36
24 43
34 6
27 41
34 36
37 29
12 31
12 19
6 40
9 3
42 13
34 27
5 20
48 15
21 26
2 37
16 0
48 29
32 7
45 42
43 36
18 3
19 49
14 16
8 19
18 11
32 35
17 39
29 17
12 1
27 11
31 1
13 5
16 32
14 40
6 5
13 22
30 3
16 41
11 9
42 32
26 15
13 31
23 15
1 39
39 5
43 4
7 45
48 13
21 25
43 45
31 11
39 42
7 10
44 43
42 37
21 17
42 18
22 47
12 49
24 5
26 45
34 26
24 34
35 40
48 17
29 10
2 5
9 42
35 49
36 5
19 8
10 27
38 1
29 19
16 13
37 44
1 20
12 11
40 1
32 41
28 5
44 26
44 20
22 43
40 43
45 14
19 11
35 1
35 48
26 41
34 31
36 15
20 33
48 17
33 1
47 13
13 41
36 43
21 38
2 22
23 19
43 24
11 44
49 38
46 33
49 15
41 9
25 20
38 26
46 48
45 25
42 44
48 29
27 28
27 32
7 46
30 17
33 10
39 45
31 6
40 19
26 5
28 5
0 2
28 49
5 40
6 31
5 4
16 0
30 6
11 6
39 17
19 24
31 3
24 44
7 17
2 18
31 11
5 48
30 22
27 7
48 18
12 11
12 1
12 41
21 49
8 0
37 22
41 32
38 25
46 25
37 26
25 16
2 35
25 17
26 34
42 22
39 3
47 35
31 47
43 18
32 40
22 33
6 31
49 45
17 41
25 40
12 49
14 47
35 28
2 26
26 8
31 0
5 21
23 40
33 34
6 49
26 40
19 0
47 17
45 36
15 49
13 12
6 0
46 45
2 37
21 47
41 49
33 20
7 2
17 31
24 5
16 18
7 41
3 31
24 31
10 46
14 46
37 38
16 39
14 26
43 12
0 22
3 48
33 34
41 0
13 43
49 32
10 34
41 5
41 15
5 29
15 23
30 9
27 10
32 45
6 44
13 47
36 14
37 0
33 26
6 23
0 48
39 47
14 7
44 10
12 0
1 48
37 16
1 15
44 21
41 21
10 7
36 32
7 30
5 40
19 14
32 34
47 32
29 3
30 29
25 28
31 17
22 13
11 38
28 35
40 17
31 10
28 33
11 42
34 2
41 2
40 22
9 24
37 42
16 44
42 16
10 34
37 7
35 19
46 6
35 33
42 6
18 25
5 41
7 17
39 37
29 10
20 49
27 36
33 36
22 20
11 17
5 38
23 12
26 36
31 38
32 17
1 2
5 49
24 35
47 42
25 43
25 35
2 16
29 3
41 20
7 39
28 0
23 1
24 28
26 13
9 43
35 21
11 19
30 5
39 40
2 40
12 4
42 44
3 37
36 7
16 44
28 23
36 1
15 5
36 19
9 25
28 23
27 15
39 25
23 14
5 31
39 44
14 19
33 2
13 24
24 5
48 12
41 9
45 21
7 3
39 28
19 34
44 16
16 45
1 7
8 21
4 47
33 32
17 31
11 20
1 24
43 18
47 38
16 15
6 38
7 6
45 9
30 19
23 39
9 0
27 34
7 4
28 14
25 6
17 30
12 21
36 43
9 37
39 12
1 15
9 34
17 8
32 3
11 24
27 34
0 29
0 13
4 21
28 15
34 31
17 8
40 32
29 10
15 7
20 21
39 29
40 47
22 8
39 34
5 18
33 41
22 14
0 3
1 31
35 5
24 21
6 39
4 28
48 5
21 7
47 27
9 41
18 49
40 35
0 13
46 42
6 1
45 32
32 11
44 16
21 47
32 44
47 4
44 10
27 9
24 35
36 25
3 30
44 18
31 41
35 3
23 10
26 30
46 33
27 15
9 36
6 39
49 9
14 31
20 26
37 47
12 9
17 26
18 14
46 20
14 0
15 23
0 15
5 35
38 37
45 4
27 41
6 7
14 8
41 5
11 34
18 46
46 35
12 1
45 27
27 48
3 20
47 4
6 22
22 13
44 26
22 37
0 26
20 11
26 35
35 28
8 0
5 42
20 0
8 42
46 29
22 44
28 47
44 38
9 19
39 18
29 0
27 0
41 44
46 28
44 0
27 21
35 8
7 46
43 13
7 16
44 39
48 32
26 5
19 3
33 14
31 13
5 39
13 48
5 49
43 29
47 2
39 29
16 35
1 5
36 8
17 26
19 30
22 2
10 38
40 45
42 21
35 36
10 48
6 9
41 12
17 25
14 35
35 14
5 42
31 25
9 38
35 10
7 42
49 33
38 22
44 9
47 17
22 47
8 17
5 18
26 18
10 46
18 2
23 15
49 26
29 0
8 39
6 44
19 29
0 2
36 37
12 33
21 37
39 33
29 7
12 7
25 16
17 7
30 48
4 13
21 3
33 32
49 43
35 18
43 35
46 16
34 42
41 49
32 1
16 3
17 33
4 14
34 45
37 36
8 22
20 48
12 4
13 10
8 29
36 18
4 48
39 47
35 37
21 25
1 5
20 24
40 12
36 23
39 28
25 28
43 11
35 9
43 32
45 16
44 3
31 34
11 12
32 18
49 22
12 47
23 20
40 2
29 48
43 4
17 46
9 35
35 14
35 20
15 34
48 4
33 6
10 25
35 24
43 47
1 45
25 14
7 1
43 11
21 10
26 9
27 0
37 39
24 27
21 19
49 19
10 32
30 27
25 30
32 4
32 20
7 29
29 40
11 36
42 41
37 8
34 6
22 40
45 22
11 29
42 47
0 8
45 25
12 4
37 21
33 35
18 32
11 22
14 15
26 5
33 32
30 17
18 22
41 38
23 1
16 2
35 4
41 15
15 8
31 9
22 20
23 4
40 0
38 7
43 12
2 43
1 29
43 48
31 2
12 21
48 19
37 42
46 29
31 47
33 5
37 49
40 10
37 22
16 32
2 38
10 13
35 36
27 38
1 36
17 22
27 49
6 4
20 25
9 1
6 32
39 38
47 7
35 18
27 31
1 9
4 34
8 47
23 1
18 23
49 38
11 30
39 22
31 23
48 2
17 9
13 24
11 32
48 28
45 47
42 34
38 29
31 20
14 35
46 25
48 10
0 11
8 41
20 4
4 18
28 9
3 16
48 25
19 7
23 6
18 16
31 16
40 6
33 0
18 37
42 0
37 25
15 43
41 42
41 1
37 7
32 29
11 41
37 43
15 42
12 17
8 10
6 37
31 12
18 4
30 21
25 12
30 21
25 2
7 30
1 38
14 26
34 43
48 39
40 32
1 9
38 40
23 28
24 43
37 34
44 47
35 38
36 33
3 7
44 23
36 29
1 10
6 2
34 48
19 34
29 27
12 32
46 40
16 39
30 5
18 17
1 34
0 5
29 48
21 36
20 22
39 24
0 15
39 18
3 42
6 11
35 11
18 15
26 3
28 24
24 5
17 7
15 19
22 29
39 38
28 17
13 48
16 35
11 46
23 30
9 49
4 8
27 44
14 12
7 38
21 5
32 4
21 25
37 47
26 4
19 49
10 17
40 13
32 44
38 23
32 28
39 25
18 46
43 37
36 6
15 24
12 8
17 13
23 33
26 15
26 1
46 44
19 18
35 17
13 2
48 40
27 45
12 43
36 49
15 29
12 34
16 26
1 0
36 45
20 16
45 10
23 41
33 1
23 3
48 7
45 8
25 40
28 44
48 13
3 10
37 44
3 46
35 14
45 25
38 47
29 10
15 26
26 14
10 45
4 7
19 21
29 37
16 25
23 3
41 28
11 40
23 30
12 14
17 16
6 43
4 17
17 3
3 38
5 43
8 14
36 0
0 45
3 6
0 12
26 3
19 30
46 15
34 16
12 47
6 13
36 17
0 12
6 8
7 33
44 45
11 5
24 45
24 5
18 45
13 38
43 40
15 48
22 28
7 40
40 46
33 12
49 38
19 45
3 47
12 47
25 13
43 23
27 9
12 13
27 11
14 21
26 47
31 45
27 30
34 11
40 10
11 30
28 42
2 49
6 47
47 0
40 47
3 19
42 25
23 9
11 49
42 26
45 43
17 9
28 33
31 1
8 0
49 23
45 12
10 27
25 0
35 46
1 38
11 33
9 19
48 3
23 17
3 38
15 14
2 13
18 37
31 34
45 42
7 47
33 18
28 20
2 8
10 33
41 44
45 49
38 10
34 10
18 9
8 28
3 14
9 26
19 9
26 15
38 3
34 15
7 5
31 30
12 9
33 37
39 16
0 25
14 41
38 11
34 32
42 16
36 12
17 16
10 19
23 11
41 26
33 6
25 24
17 11
9 32
36 2
9 31
47 14
44 15
11 27
34 42
45 2
2 17
31 47
37 35
39 24
14 41
4 43
47 11
11 20
18 30
48 36
47 20
8 18
44 13
43 35
17 27
13 7
28 49
24 22
33 16
18 27
35 14
2 16
10 0
23 0
31 46
48 22
21 43
5 23
18 38
8 28
16 0
35 30
4 29
44 31
36 39
9 13
33 39
43 46
5 29
44 18
32 7
28 31
0 5
11 12
39 46
40 46
26 0
38 17
28 26
0 15
18 32
29 1
10 49
7 34
26 28
32 13
18 48
43 23
44 48
6 17
44 16
34 39
32 19
48 0
31 14
1 26
4 37
41 25
18 36
33 28
37 47
40 14
14 48
28 21
42 12
36 46
6 7
35 5
2 20
17 43
17 7
45 19
38 40
46 33
38 25
49 32
27 19
49 14
40 15
1 8
42 8
20 49
24 10
11 38
17 14
24 14
18 28
39 11
1 37
5 7
47 40
33 14
13 42
32 2
28 3
37 46
13 48
11 12
25 38
0 26
6 12
49 43
19 4
35 3
45 22
30 48
26 13
28 14
10 49
39 25
13 3
27 44
35 31
28 10
26 8
23 41
20 31
38 2
5 2
43 23
28 44
0 28
26 3
47 35
40 10
40 22
8 40
10 2
28 37
20 47
37 20
37 27
45 32
43 16
37 0
5 32
11 23
17 15
47 9
6 22
12 47
2 13
45 47
11 48
27 19
37 46
37 1
37 47
39 14
28 35
30 35
45 44
35 9
46 2
15 46
4 2
44 47
31 34
6 31
45 31
28 36
15 20
42 1
33 39
37 40
24 6
10 46
5 15
39 1
7 3
25 17
33 17
41 46
0 37
35 5
10 30
10 34
6 16
4 1
5 2
32 3
21 33
31 11
46 28
23 17
29 37
49 28
38 20
15 0
34 39
3 26
6 1
4 36
8 23
8 46
32 29
12 0
14 1
46 32
38 49
44 49
45 26
42 46
35 28
4 6
30 27
43 45
6 25
27 1
9 27
8 45
12 27
26 21
23 3
15 6
30 25
35 20
36 40
13 37
27 44
3 24
6 49
41 34
5 34
26 5
13 22
4 35
25 45
35 28
1 30
29 26
15 26
22 35
28 47
25 16
47 3
8 20
22 42
38 12
11 5
39 44
28 40
30 12
7 3
38 18
27 15
35 4
48 0
32 16
24 33
19 20
29 44
31 4
40 16
28 14
16 2
35 9
5 15
25 39
28 36
43 30
38 47
22 12
5 30
49 15
11 32
13 26
48 21
47 21
9 7
37 16
37 12
30 21
33 49
34 32
19 42
39 10
9 47
37 7
43 34
27 46
14 8
28 43
27 28
23 26
18 33
5 34
11 26
7 18
9 37
34 19
24 22
45 25
45 36
28 35
7 19
0 25
27 32
40 30
28 36
30 26
33 28
14 3
35 9
38 47
15 48
8 41
13 25
30 6
28 5
28 12
4 25
42 28
4 7
40 5
45 36
22 19
40 36
7 22
29 49
43 15
43 14
2 30
33 16
19 8
49 12
13 16
14 44
5 32
26 30
2 41
28 46
13 9
48 31
25 20
39 11
45 10
36 5
33 22
10 12
45 0
12 28
11 17
4 19
13 36
20 38
5 45
26 0
13 16
37 23
30 16
21 17
12 2
47 9
26 30
31 43
42 9
6 17
8 33
21 42
36 38
14 5
11 29
34 13
20 4
43 38
40 15
27 45
8 38
37 19
21 29
35 16
30 7
35 13
45 40
20 30
43 4
13 7
15 22
42 17
32 25
28 12
30 27
36 25
3 48
2 42
12 16
34 21
47 17
43 16
49 1
24 15
40 3
11 34
35 9
42 22
23 49
29 0
29 16
15 13
12 25
45 8
36 22
27 26
33 24
13 40
42 32
16 19
47 30
25 3
33 44
42 4
41 48
14 12
29 1
2 8
28 22
37 17
49 11
1 11
33 3
47 13
9 47
29 18
2 44
47 0
17 9
30 15
9 38
8 3
37 40
28 12
41 25
29 44
8 6
42 49
17 26
10 17
48 28
14 6
1 12
20 35
7 40
22 15
21 44
14 12
22 6
29 36
38 35
36 16
20 3
49 38
12 2
22 48
23 1
22 20
14 10
12 29
34 25
6 23
33 22
12 43
31 39
16 30
46 37
29 22
13 18
46 38
35 1
35 37
6 18
30 42
25 27
6 28
38 23
30 7
46 12
48 45
39 5
35 20
32 38
25 2
4 13
14 30
32 4
26 32
6 8
42 0
42 43
21 46
20 43
47 33
9 36
32 30
1 36
6 27
38 35
8 19
13 40
24 41
40 37
48 2
4 14
27 45
6 19
6 35
46 24
21 0
35 44
30 12
34 6
30 40
47 42
48 21
38 25
30 0
24 7
18 42
40 49
16 39
45 35
16 48
11 32
21 28
11 41
3 28
1 41
13 23
2 34
42 29
6 41
10 26
45 43
13 12
19 7
20 21
14 33
32 2
16 12
28 10
38 43
35 16
6 46
29 7
37 2
47 41
37 21
1 15
42 8
34 5
27 13
45 5
14 31
19 12
1 37
21 48
32 34
21 43
21 41
48 46
37 30
35 22
14 9
39 22
8 22
25 28
17 37
19 38
32 17
28 9
5 11
1 2
46 8
29 47
22 39
13 44
30 9
32 45
4 13
17 5
24 32
37 22
10 5
12 30
19 39
40 11
20 14
40 29
29 32
39 19
13 15
49 42
5 1
14 6
43 23
48 14
47 4
23 9
1 43
0 24
46 1
1 23
15 7
3 15
16 45
48 29
21 40
2 34
1 46
28 18
34 22
9 12
1 41
42 48
33 34
22 15
46 30
11 34
26 19
0 48
14 41
44 27
42 11
44 28
19 14
38 30
20 4
34 18
44 39
27 12
28 46
19 32
33 7
13 38
10 12
8 28
39 46
16 13
23 33
28 5
32 3
33 26
13 4
25 37
47 13
7 39
36 23
31 30
47 27
37 22
20 12
49 4
49 27
28 20
43 18
10 45
21 47
6 49
33 32
28 32
40 25
35 37
20 36
19 44
33 25
34 47
24 11
5 49
39 42
0 7
6 22
44 5
29 22
37 20
43 39
12 14
47 11
18 9
34 20
27 19
16 10
9 26
0 24
27 16
37 3
45 15
38 25
9 41
49 33
20 35
35 13
14 29
33 17
24 23
49 18
18 31
8 6
32 12
20 36
41 47
23 21
6 22
30 6
42 23
38 40
16 14
31 24
34 23
1 38
39 45
20 10
49 22
32 38
38 3
11 5
0 26
39 22
10 35
28 7
40 29
3 20
34 26
37 48
32 23
3 38
21 5
37 24
18 4
45 47
34 2
15 46
14 39
15 40
7 28
10 49
40 21
8 49
14 7
1 36
36 10
0 38
23 36
36 3
25 31
26 4
31 8
15 44
48 41
46 47
32 39
21 25
6 2
14 35
10 21
43 46
20 15
13 17
29 17
43 42
49 2
13 45
42 11
5 17
34 45
26 13
24 35
8 9
49 37
48 1
36 44
19 22
0 40
22 5
14 9
21 38
48 45
48 0
32 44
20 36
29 37
29 5
14 23
20 1
22 21
28 4
29 21
15 17
49 6
46 18
16 39
45 22
41 10
1 44
24 23
46 40
47 40
4 8
11 48
12 41
38 37
20 28
1 48
12 40
39 38
5 45
15 28
48 12
19 1
45 40
27 33
41 19
23 1
35 39
5 22
16 2
20 30
16 23
6 14
14 43
31 3
30 29
17 6
14 12
30 22
48 42
35 26
49 39
30 39
34 13
15 9
26 34
1 46
4 1
4 9
22 14
21 16
49 37
40 31
15 4
47 8
28 24
40 46
23 8
4 0
18 1
18 0
25 45
38 48
5 22
32 14
45 34
40 37
17 21
8 23
28 15
26 24
16 22
44 15
19 13
40 49
2 40
46 41
26 7
1 49
26 23
46 6
20 31
10 41
16 45
42 6
47 17
43 15
43 15
10 44
18 49
31 33
38 5
47 35
33 28
7 31
3 24
36 14
47 22
37 20
27 39
32 33
5 40
0 14
44 42
10 23
34 6
5 37
42 48
2 36
30 16
12 14
23 35
11 38
8 4
45 1
29 31
10 8
11 39
34 35
31 40
35 41
40 9
24 6
26 36
21 0
34 19
23 39
17 15
42 20
12 43
0 37
24 34
32 37
31 5
9 25
47 3
8 35
14 37
37 33
16 18
28 13
6 44
32 29
20 14
48 30
47 21
18 43
34 48
0 42
5 32
36 13
32 10
27 30
19 23
5 46
26 22
24 15
22 9
17 16
35 19
31 29
1 7
5 40
6 31
43 42
0 6
18 1
7 39
48 6
33 44
12 15
44 12
10 28
24 28
15 31
28 32
43 41
3 34
18 33
16 29
30 38
9 26
3 13
41 27
45 37
15 34
16 36
1 33
11 42
6 11
49 27
12 15
36 13
9 36
2 27
15 23
43 41
21 10
32 14
48 46
20 8
2 13
47 30
24 12
2 27
0 22
3 8
28 27
19 43
0 37
21 15
44 43
7 44
30 45
43 13
42 18
6 25
11 33
40 5
3 15
14 1
2 36
34 8
30 18
41 36
26 3
48 24
34 10
43 6
12 42
1 15
49 38
45 22
30 41
29 31
0 44
21 22
0 1
40 21
49 25
37 31
6 32
23 48
38 7
6 42
32 0
32 22
36 33
27 43
26 49
30 27
14 5
35 40
46 10
26 11
35 43
34 31
14 17
15 42
34 20
17 43
40 0
39 31
26 37
7 42
42 48
46 43
7 10
3 21
6 43
39 5
30 21
43 18
6 36
38 44
33 45
49 19
42 10
47 38
22 16
42 6
43 9
26 31
47 40
41 47
25 38
25 16
28 15
25 12
21 32
36 0
26 37
40 38
35 37
6 33
28 15
33 0
38 22
43 41
22 48
5 35
27 14
7 27
11 8
34 10
23 35
44 41
35 2
13 21
35 36
47 16
31 15
15 11
38 15
37 4
35 16
23 18
25 40
8 46
29 18
4 43
14 36
7 18
13 11
41 9
13 24
9 3
28 25
19 32
9 30
49 35
26 15
19 7
32 28
26 2
2 23
22 43
30 22
18 26
32 28
44 48
11 15
33 1
49 32
9 40
46 34
44 7
4 33
10 2
8 26
14 30
4 48
38 49
21 39
17 47
18 15
42 13
1 35
39 0
31 20
6 26
38 44
42 6
28 3
4 13
22 26
33 1
22 17
23 32
34 49
38 18
46 31
34 42
45 7
11 48
17 47
28 42
35 25
40 30
27 45
33 29
23 49
33 47
14 34
44 41
6 9
38 43
22 37
27 3
26 2
44 10
3 6
33 32
37 45
29 30
27 2
44 49
18 42
28 29
23 28
5 18
33 38
34 25
48 5
49 4
30 11
31 2
26 0
39 43
33 6
25 44
18 25
25 32
25 44
7 33
49 39
6 30
18 3
42 46
49 4
36 12
47 8
44 47
16 48
16 39
26 8
19 26
2 22
0 1
3 40
41 24
45 21
45 22
41 11
32 38
6 9
49 46
46 9
23 24
37 40
22 28
37 36
1 8
29 39
39 18
27 34
6 47
26 24
49 42
42 0
39 33
23 34
34 20
11 19
18 10
14 22
12 15
2 42
19 47
30 42
19 32
21 15
36 32
3 27
27 30
2 33
15 18
12 8
24 5
3 11
19 6
17 10
38 27
43 29
15 34
39 36
44 26
6 43
28 5
12 8
21 28
24 19
29 42
28 33
11 10
11 12
17 0
12 22
28 49
34 9
29 44
31 34
15 7
22 21
40 17
0 11
29 41
38 1
23 9
41 32
28 12
22 3
36 9
46 32
15 8
27 2
11 20
30 15
34 38
34 42
10 36
2 35
23 34
27 37
7 6
40 46
47 4
9 34
7 41
41 21
14 13
23 17
42 24
44 23
9 0
41 1
9 27
43 40
6 44
34 6
17 6
12 30
41 22
36 18
16 13
36 27
18 1
10 19
37 31
49 11
5 4
42 27
35 16
49 39
30 44
5 12
22 32
43 0
29 27
21 9
17 47
42 11
10 12
0 48
7 44
16 29
48 34
47 36
3 12
43 29
49 39
5 20
24 44
42 0
28 46
29 47
40 0
13 3
24 17
49 44
45 47
21 35
40 10
5 4
30 10
14 9
7 23
11 3
30 44
22 19
43 37
7 24
15 14
48 16
3 38
49 13
29 34
48 11
4 48
5 9
37 40
28 34
32 10
34 32
42 39
14 48
17 20
25 29
36 39
30 48
15 47
44 25
24 44
34 17
12 49
43 15
44 6
49 17
49 7
47 24
31 43
33 4
8 4
5 39
39 11
30 22
19 18
42 20
0 7
24 45
29 27
40 16
13 27
21 1
32 20
8 7
21 33
6 20
40 42
6 36
7 48
2 17
5 45
35 27
41 25
27 22
38 21
44 36
4 40
13 14
27 7
15 6
37 25
28 16
47 18
13 4
48 34
2 13
4 9
29 11
36 12
32 28
47 27
31 43
45 18
43 25
42 34
20 4
36 4
30 36
42 11
16 20
27 10
45 43
49 28
0 33
13 47
6 49
15 41
39 16
17 0
9 12
30 31
9 25
48 6
20 3
6 32
11 12
49 39
22 15
47 10
32 13
33 36
49 21
25 31
37 42
35 17
22 18
16 27
3 25
39 12
40 7
48 7
13 5
22 7
14 21
39 8
39 23
34 49
2 9
47 11
15 12
48 39
25 16
7 26
6 7
2 4
24 48
15 19
25 16
46 41
42 33
24 27
5 22
14 35
45 5
27 16
15 39
17 36
13 3
9 6
33 4
24 23
42 12
36 29
38 39
48 32
39 16
21 45
39 1
21 10
3 14
42 5
31 23
7 5
14 20
45 7
28 25
12 43
13 0
42 2
0 19
5 42
30 23
43 42
38 10
49 17
17 0
22 48
36 0
22 9
25 9
37 9
1 27
2 48
16 23
14 20
6 34
28 47
49 46
25 34
32 26
6 39
13 46
23 3
6 47
37 24
15 39
37 42
9 15
20 5
0 26
5 39
36 21
27 0
41 14
2 41
0 22
34 22
6 8
15 4
3 29
12 37
1 41
4 18
38 17
4 14
21 12
44 37
32 36
32 1
44 42
6 24
3 22
35 32
31 34
11 37
22 44
7 24
28 10
42 28
43 40
25 9
30 38
21 47
31 35
44 15
28 41
14 33
27 25
16 15
30 21
24 15
4 18
25 16
19 46
41 34
27 44
37 22
46 40
40 42
2 45
7 4
15 11
34 20
9 4
22 47
24 40
10 45
17 49
44 28
5 7
22 47
8 7
0 22
8 10
19 27
48 14
6 5
33 49
32 34
33 8
12 19
37 44
9 26
15 39
4 6
16 48
23 19
30 15
17 20
38 19
39 6
19 13
6 23
12 9
43 13
37 42
30 7
13 5
46 30
27 3
24 15
21 38
1 48
28 32
28 32
9 42
8 26
17 28
9 49
23 19
37 22
22 8
37 19
46 28
45 1
10 42
38 18
30 27
8 12
19 3
0 30
17 26
12 15
2 17
47 18
37 38
19 23
1 29
9 29
42 20
29 42
11 45
15 16
1 14
49 4
39 21
38 8
40 30
2 23
34 7
3 2
46 42
18 25
42 19
43 0
39 13
17 7
37 46
7 16
24 49
19 35
18 14
24 37
20 11
41 14
23 8
30 9
38 8
0 18
49 22
23 13
43 13
32 7
19 27
33 39
12 28
8 31
7 14
39 46
35 45
35 9
23 12
26 7
39 18
15 44
27 42
41 9
8 17
47 31
34 5
5 20
42 47
29 15
25 4
17 4
29 6
39 22
4 34
42 48
8 15
47 14
40 46
37 27
15 34
47 4
31 3
28 33
29 13
22 40
3 47
16 38
24 2
2 35
43 12
33 2
36 5
16 19
42 20
18 46
38 28
19 1
0 9
8 7
47 17
34 24
6 33
43 44
37 40
22 30
3 19
8 30
38 5
22 24
35 26
43 24
10 19
12 38
41 6
1 38
37 24
7 13
11 18
36 25
14 32
42 46
20 35
18 46
34 42
26 11
36 7
28 31
23 1
22 32
17 38
1 44
31 12
0 14
11 15
23 6
35 25
47 34
41 29
15 49
41 42
47 14
17 43
30 43
43 6
5 26
36 38
43 26
28 45
23 18
41 3
14 11
43 40
40 45
46 20
29 46
25 30
44 47
36 19
13 35
17 7
40 49
22 6
32 5
29 38
26 3
26 8
19 44
36 44
21 19
23 5
47 32
27 6
32 41
3 47
6 49
28 9
36 10
3 37
12 0
7 19
8 35
26 36
5 14
3 19
38 47
11 10
13 31
21 42
18 23
19 11
0 28
40 21
35 27
40 48
19 5
18 40
28 48
11 32
23 45
4 24
26 37
39 9
16 45
1 24
37 28
29 34
9 5
0 49
10 7
23 3
21 36
34 21
26 38
49 24
1 17
15 12
2 32
47 44
19 48
0 44
26 42
5 42
42 6
19 47
1 39
3 30
9 39
35 9
9 7
40 1
11 20
47 23
44 26
0 22
30 42
12 7
38 8
4 35
3 17
11 25
30 20
45 41
3 12
0 30
24 34
20 23
37 6
21 14
8 29
48 44
28 31
31 35
26 19
26 4
47 21
44 16
3 35
40 45
34 24
42 17
7 5
20 4
38 17
21 32
45 23
42 25
41 37
6 23
49 9
6 11
42 7
49 3
10 25
11 18
17 11
49 10
31 4
39 12
35 0
5 13
43 16
3 31
29 0
40 21
29 32
36 2
20 49
11 27
18 11
3 30
3 11
21 1
16 9
49 48
12 45
30 15
27 41
1 21
45 33
45 24
21 19
26 36
36 26
35 8
48 29
23 15
31 34
47 26
7 41
24 6
24 31
39 4
13 47
27 31
8 35
1 38
32 46
34 42
4 32
26 38
41 22
34 46
7 34
13 10
35 10
28 24
47 4
29 43
43 42
10 27
5 45
22 38
47 12
20 17
39 34
22 13
20 8
11 6
10 18
7 20
35 29
5 14
6 38
7 43
29 5
21 46
48 24
24 38
13 21
31 35
26 25
3 40
17 25
28 42
33 42
5 17
39 12
41 0
35 26
8 12
44 30
3 26
2 46
5 38
45 13
20 9
43 40
32 47
47 31
17 43
49 21
1 20
48 39
33 20
16 6
27 26
26 48
29 39
18 5
31 16
3 1
8 9
15 5
29 46
47 11
11 1
18 11
21 20
28 43
29 22
28 24
48 12
7 18
21 9
13 39
11 41
41 42
18 40
25 31
20 2
1 19
45 24
44 18
9 41
19 24
33 37
19 1
16 37
24 44
31 12
36 16
45 22
9 12
38 24
23 39
19 42
43 6
4 44
49 24
39 48
2 10
34 16
26 1
5 11
28 7
3 13
25 31
37 33
3 34
21 7
22 15
9 13
27 24
33 10
18 5
17 39
40 25
14 9
37 34
0 3
14 7
3 1
46 10
31 10
5 23
45 19
10 29
9 8
23 37
7 43
28 16
0 10
43 9
4 6
38 37
22 7
0 39
28 9
22 32
30 6
32 17
4 26
7 31
23 26
27 12
40 22
7 32
1 24
32 8
40 13
18 10
37 23
26 41
8 30
13 42
19 42
38 47
37 47
42 8
16 5
26 34
14 39
14 2
11 31
35 7
16 5
13 1
17 9
34 49
4 36
35 0
36 25
23 21
6 2
11 14
32 23
3 11
24 34
16 10
21 33
15 49
5 19
48 24
5 38
0 4
36 39
45 35
49 26
26 33
49 11
45 23
47 36
2 26
30 38
26 11
5 35
16 7
38 42
43 41
34 11
31 47
21 39
3 43
3 8
48 17
8 38
10 8
30 25
22 24
8 22
25 43
22 26
24 26
43 36
4 8
33 8
14 45
7 46
11 21
14 10
45 6
43 46
31 1
20 35
30 6
38 23
32 11
41 30
10 31
7 11
33 19
48 37
25 2
0 12
44 2
14 27
0 2
16 8
