50
0
1
2
3
4
5
6
7
8
9
10
11
12
13
14
15
16
17
18
19
20
21
22
23
24
25
26
27
28
29
30
31
32
33
34
35
36
37
38
39
40
41
42
43
44
45
46
47
48
49
100
0 39
29 37
20 37
13 4
16 0
32 41
23 15
23 3
8 22
49 22
30 10
17 10
10 0
9 6
16 0
18 35
39 0
5 10
0 17
17 42
11 42
15 6
20 45
40 29
22 10
48 5
36 44
38 48
18 0
12 35
29 27
41 17
26 41
24 9
48 31
49 17
38 30
42 22
43 18
30 34
31 29
25 10
29 2
4 31
14 9
42 8
40 41
46 32
5 44
29 45
15 38
25 6
47 39
27 39
26 22
40 49
34 25
29 22
18 35
29 14
5 41
9 13
31 42
43 18
7 28
21 24
9 28
42 22
32 9
25 29
5 47
38 0
45 10
15 2
8 47
2 23
20 35
22 39
43 45
30 49
37 41
22 3
49 46
36 29
41 4
15 2
44 35
21 44
48 44
27 41
40 33
24 17
9 7
34 37
41 36
43 45
10 12
4 41
25 20
49 45
