100
0
1
2
3
4
5
6
7
8
9
10
11
12
13
14
15
16
17
18
19
20
21
22
23
24
25
26
27
28
29
30
31
32
33
34
35
36
37
38
39
40
41
42
43
44
45
46
47
48
49
50
51
52
53
54
55
56
57
58
59
60
61
62
63
64
65
66
67
68
69
70
71
72
73
74
75
76
77
78
79
80
81
82
83
84
85
86
87
88
89
90
91
92
93
94
95
96
97
98
99
10000
60 44
76 46
74 88
31 9
2 66
22 65
93 94
88 81
34 72
2 1
1 49
15 21
48 45
46 75
56 63
44 19
64 22
51 54
19 92
45 82
25 70
21 12
99 86
58 24
41 6
56 34
35 9
19 76
11 8
49 78
29 12
22 28
8 34
46 67
78 33
64 57
27 38
39 68
85 27
82 81
70 61
72 95
48 14
88 38
55 5
88 8
38 98
80 78
26 72
22 69
74 29
47 74
78 82
41 97
43 21
27 32
39 26
67 22
13 36
94 74
44 52
61 89
4 98
36 89
66 41
14 18
84 33
14 58
31 18
90 43
96 5
49 0
94 67
99 26
15 60
44 39
75 18
78 61
76 39
10 69
2 83
63 60
45 11
89 42
87 94
96 90
37 40
20 89
40 85
12 5
41 61
78 18
4 70
54 23
98 8
52 66
40 86
75 65
51 86
1 7
20 43
50 89
77 51
66 94
33 91
44 53
10 16
93 72
18 15
24 14
87 46
78 6
14 63
62 99
19 76
8 27
71 22
60 11
69 95
29 51
74 76
0 64
5 85
15 26
11 61
39 48
53 36
42 95
23 9
35 42
5 59
91 14
52 38
42 45
61 9
44 33
26 97
37 10
42 64
40 61
27 14
80 57
71 16
22 71
10 1
81 38
56 88
5 41
96 56
20 29
91 43
33 64
29 40
91 58
40 94
94 79
70 42
55 89
35 60
21 83
88 79
28 31
15 52
76 34
82 21
74 67
77 84
60 24
85 5
60 98
6 98
5 1
80 23
59 11
15 24
1 3
42 68
69 55
8 82
88 91
42 63
33 76
51 88
29 46
78 85
80 28
89 40
74 45
28 75
39 1
76 48
28 22
34 95
32 5
71 75
59 26
77 73
97 32
68 27
2 52
82 52
47 42
83 43
44 86
81 48
77 71
72 34
60 51
18 25
22 38
51 25
33 4
2 32
24 19
48 24
81 41
76 96
50 17
42 26
97 37
43 91
1 56
87 97
10 48
66 11
56 12
40 0
11 7
91 59
82 7
24 50
94 63
3 93
31 19
25 34
54 55
16 13
17 60
68 79
1 67
60 27
62 64
23 54
76 10
66 32
12 10
91 30
21 55
37 39
70 77
60 78
70 53
3 15
1 25
5 79
10 85
62 66
4 93
46 76
34 69
86 99
83 84
87 65
31 11
85 75
79 57
24 54
18 83
76 78
12 76
81 94
19 2
98 66
72 36
11 98
94 41
72 30
21 9
73 78
97 41
58 10
19 4
60 56
88 42
16 10
85 61
73 46
13 14
93 45
97 8
43 33
32 88
39 85
25 62
99 26
1 16
35 50
74 65
81 8
31 10
63 33
34 11
60 83
22 23
76 72
7 14
8 23
84 95
95 57
85 92
60 91
81 48
90 15
26 11
58 53
90 25
43 39
71 67
35 5
27 66
40 43
6 89
83 59
94 70
84 58
9 21
37 71
25 96
12 13
73 79
5 16
71 56
4 61
8 12
16 42
18 5
94 2
68 20
20 49
27 30
92 68
80 4
8 57
86 63
53 85
90 84
99 24
3 96
74 65
0 36
1 46
94 1
1 46
91 86
67 73
47 50
94 96
0 6
37 16
69 79
36 69
25 29
17 39
43 35
24 78
61 93
65 87
10 45
39 62
20 85
13 49
64 90
45 33
54 4
77 62
78 18
51 67
11 7
75 91
51 56
18 44
13 56
76 81
99 35
97 9
38 56
68 28
43 14
67 66
39 91
60 75
69 98
85 45
18 57
11 66
87 53
47 84
12 73
73 25
29 85
72 87
89 40
93 55
81 73
96 51
3 73
30 11
69 2
10 78
63 90
71 57
94 77
19 66
21 91
7 82
17 82
38 85
62 61
47 32
82 45
19 24
68 38
19 82
39 56
37 11
69 8
3 38
47 99
60 63
65 8
5 52
32 6
9 2
46 82
90 87
7 66
27 22
66 74
93 3
20 53
84 76
36 0
97 19
6 9
12 28
61 95
29 28
19 3
55 71
75 31
59 16
31 55
78 35
20 52
17 22
51 9
68 9
91 63
22 2
7 97
99 19
28 77
66 53
22 62
13 45
97 8
18 11
45 36
46 92
38 72
41 19
29 38
48 30
23 45
50 64
93 54
49 47
23 32
95 47
75 99
85 86
36 70
10 66
30 13
61 68
0 81
37 7
25 63
10 4
42 20
83 34
93 5
3 89
77 97
81 5
14 95
58 14
42 93
12 25
22 34
12 62
52 21
69 68
21 3
35 32
42 48
10 0
11 58
56 62
44 2
35 22
27 38
71 17
45 24
29 87
56 63
95 72
46 42
0 24
38 76
6 25
50 94
52 25
60 28
34 80
75 66
15 10
77 51
48 71
16 70
61 15
37 78
77 13
38 82
27 51
70 31
20 52
38 1
20 69
3 6
55 57
99 39
76 82
93 55
7 4
97 56
4 91
69 90
7 13
48 7
35 32
3 42
79 50
44 26
0 97
49 90
93 76
4 23
79 23
26 21
67 91
80 31
4 19
70 91
10 27
47 73
83 64
44 48
23 97
98 30
60 37
11 36
99 63
62 38
11 50
46 68
93 7
33 25
64 47
52 9
77 70
29 97
78 20
9 53
16 79
33 17
16 79
88 36
16 3
27 64
63 20
2 55
73 17
18 27
95 97
9 36
52 67
87 28
28 91
74 65
14 26
55 62
93 54
5 21
10 55
75 54
95 10
7 41
69 37
76 63
63 23
8 63
74 42
61 71
32 2
11 24
1 75
47 70
16 58
37 52
82 75
12 37
67 45
18 69
33 59
19 77
25 75
55 60
70 61
24 22
14 38
66 47
46 79
11 93
22 12
84 19
13 29
44 49
43 22
96 97
6 13
23 87
50 95
12 90
99 53
55 3
97 47
96 12
91 35
87 18
43 69
13 75
43 92
65 30
89 36
55 3
30 19
59 76
56 91
14 31
87 53
5 99
90 94
75 87
57 86
36 65
30 24
41 54
97 80
21 36
37 33
22 64
62 89
86 59
53 89
18 56
12 25
52 58
47 65
66 90
61 84
65 5
40 14
23 96
64 14
75 23
10 85
76 36
21 34
53 77
98 4
53 30
95 34
45 86
55 62
83 59
25 75
77 59
72 53
82 55
55 21
76 3
51 1
26 72
86 5
9 85
65 46
1 85
87 66
22 55
58 15
63 82
83 47
58 57
42 36
64 35
23 38
30 3
79 99
14 81
59 54
81 80
34 5
19 16
25 90
76 60
10 71
96 23
76 50
78 65
99 61
15 42
81 35
31 25
88 71
10 2
47 57
65 37
45 35
40 86
13 72
73 67
50 56
48 69
93 7
99 62
20 91
50 13
81 71
7 34
55 64
69 1
81 76
70 6
11 65
79 0
43 86
35 41
91 84
84 49
51 36
95 41
93 48
35 71
29 68
73 27
50 53
97 45
66 12
27 23
5 92
89 92
6 10
41 9
91 34
61 37
52 96
63 14
90 50
18 93
19 95
53 90
51 11
68 29
64 68
12 52
27 11
46 18
38 8
10 6
16 59
48 50
62 48
90 89
94 42
58 18
94 89
55 84
61 57
45 2
20 39
66 78
91 42
43 50
24 20
85 66
55 40
5 31
99 82
60 53
47 88
64 17
50 92
5 32
45 89
47 37
22 95
9 23
14 7
27 48
83 77
25 39
30 55
27 58
61 95
97 42
73 67
34 1
30 34
15 70
36 60
50 4
64 78
60 5
47 0
84 88
9 73
50 22
11 59
50 38
96 20
45 57
43 9
50 44
23 38
11 90
33 26
14 28
97 40
79 47
30 31
83 4
70 15
83 97
76 25
60 17
69 36
99 13
43 41
8 4
35 49
39 94
33 80
88 71
62 37
59 51
40 82
10 53
42 91
81 40
74 54
82 58
79 57
19 60
20 76
88 86
17 87
72 97
72 6
26 24
26 33
4 76
42 13
27 75
92 99
76 67
69 40
85 8
26 95
58 54
50 92
63 77
54 30
37 2
1 8
28 98
10 3
54 91
14 36
83 15
97 79
92 4
83 49
21 67
16 83
36 95
54 39
89 33
45 42
62 25
12 6
14 55
61 42
60 49
79 58
31 45
2 5
34 61
9 58
31 9
43 78
46 19
17 62
88 18
55 46
94 2
22 24
9 64
16 81
33 0
36 77
86 33
87 99
70 6
29 59
97 74
99 96
82 51
63 76
91 39
11 2
19 48
37 48
1 16
32 37
10 39
5 68
44 92
75 95
14 97
92 20
18 58
17 20
11 66
18 29
85 87
3 60
14 80
53 37
12 94
87 79
89 94
90 57
32 38
83 98
50 81
73 38
24 57
90 34
25 51
56 43
75 13
47 70
10 99
34 46
10 61
14 27
12 71
6 83
65 53
36 11
20 56
65 10
0 86
0 68
93 12
88 47
96 78
54 62
47 71
22 40
56 5
55 64
72 31
80 34
53 21
1 7
15 41
0 37
62 20
56 60
86 68
87 4
47 54
68 69
57 36
39 50
49 42
11 83
81 95
83 31
29 49
73 80
82 44
52 64
81 7
63 34
44 87
25 49
54 70
75 8
59 93
21 9
80 95
88 53
8 25
91 17
20 13
42 26
99 66
87 93
90 87
24 53
16 49
51 65
35 20
53 48
49 17
62 81
9 67
88 51
22 3
51 63
24 25
53 75
66 24
30 27
51 74
42 40
54 20
41 4
51 83
97 93
78 85
8 44
83 73
85 42
44 14
39 3
53 21
28 51
87 10
36 85
57 47
81 66
92 42
5 24
2 56
35 17
23 96
7 25
71 7
49 89
32 71
29 1
85 81
36 71
50 48
63 66
40 85
81 35
99 18
79 52
68 50
3 12
44 57
6 89
33 11
22 77
67 15
91 12
28 70
25 30
3 11
95 65
91 43
97 8
42 22
88 28
83 75
51 29
11 97
94 14
74 11
49 30
55 43
86 70
94 22
7 94
22 25
70 85
78 89
92 15
17 98
80 32
61 30
83 26
7 83
88 31
48 66
44 90
48 19
86 9
31 43
64 98
22 73
24 80
86 29
20 15
2 67
83 6
50 28
12 43
96 17
59 13
4 83
22 39
37 30
30 12
2 92
43 45
27 88
76 56
57 78
99 52
24 69
73 31
52 77
69 12
52 45
97 51
57 84
56 41
14 29
53 15
47 32
50 18
74 67
42 52
64 23
45 78
80 62
64 34
48 87
1 47
21 71
56 2
80 82
80 11
69 44
95 23
54 60
44 94
13 7
24 65
5 41
76 28
67 68
50 1
93 23
46 5
93 67
71 83
23 69
91 30
79 72
87 80
40 27
22 99
78 73
37 93
67 75
46 82
25 90
73 44
20 67
63 43
42 67
66 11
88 35
22 0
33 87
82 40
54 71
11 1
15 58
43 33
47 82
88 12
62 47
74 18
0 55
43 11
65 43
60 82
51 37
42 9
57 87
72 9
5 51
97 98
38 67
56 35
89 21
46 92
79 11
80 8
13 7
27 66
17 71
7 30
14 11
35 58
34 13
15 33
7 24
77 86
26 17
55 39
17 91
54 59
29 36
84 62
73 77
30 76
31 47
2 93
85 46
54 30
81 53
18 2
97 15
21 65
13 78
79 37
50 80
0 44
41 95
47 85
1 89
59 17
15 71
9 38
34 12
39 59
34 41
33 18
61 1
91 59
84 48
21 8
49 6
33 9
56 2
85 34
28 39
30 26
14 20
75 9
24 65
73 55
6 84
92 93
51 69
76 18
80 83
84 79
37 75
34 61
14 26
13 11
95 82
84 19
5 69
65 3
70 43
25 84
32 26
60 72
94 22
48 76
91 32
23 21
62 53
16 74
98 48
55 47
99 22
68 48
54 23
68 32
59 2
67 49
84 60
71 44
20 0
58 15
85 77
6 41
92 70
90 60
51 63
23 88
82 18
74 20
19 20
19 55
5 32
30 34
95 44
11 15
47 58
56 18
61 97
67 5
99 75
42 93
74 47
53 37
65 80
2 93
62 47
65 97
97 43
57 70
33 34
66 43
31 82
4 1
40 97
7 4
31 81
34 89
82 42
92 75
82 24
92 50
69 99
98 79
20 3
25 32
10 61
30 64
32 68
3 84
96 9
41 57
18 56
0 73
4 3
46 54
56 73
86 95
69 78
58 52
3 57
79 41
90 44
97 52
83 48
68 65
37 23
5 25
73 78
63 23
76 27
23 35
66 53
53 27
81 46
37 67
44 57
30 79
56 44
40 21
5 17
50 63
80 70
99 25
29 61
69 81
6 15
40 59
99 61
18 90
32 55
18 4
0 51
84 61
13 49
67 76
12 25
6 33
61 42
85 52
55 59
35 23
9 52
29 70
26 29
29 25
76 66
46 90
71 87
41 29
62 67
60 30
15 70
12 88
35 61
62 31
72 12
36 76
9 17
80 23
51 53
60 19
20 67
94 77
87 39
82 74
12 57
46 10
9 76
22 90
2 50
14 17
18 29
46 2
42 7
23 32
55 13
8 75
32 59
59 36
2 69
19 36
61 53
14 29
99 98
35 48
56 71
17 47
70 60
6 11
96 95
7 1
68 23
72 30
3 31
67 93
51 67
51 97
14 38
6 65
10 46
16 63
22 48
53 27
86 33
49 75
82 46
48 1
58 76
80 43
33 70
55 78
34 62
55 35
91 81
3 27
77 38
48 36
6 52
4 87
98 32
64 96
50 70
62 88
52 81
95 80
12 36
13 65
65 76
88 30
82 58
95 4
43 26
11 30
10 43
48 99
44 54
41 63
64 19
14 24
30 74
14 6
99 64
73 63
44 22
12 97
26 0
83 99
6 88
54 81
24 75
47 89
88 9
43 39
6 38
67 9
18 94
15 5
66 28
37 93
52 36
45 92
95 75
52 51
27 86
54 86
73 97
17 77
1 20
32 15
44 40
61 22
74 60
52 19
10 27
48 44
70 23
89 87
94 59
80 71
98 39
0 89
79 35
61 52
63 41
29 51
27 18
31 9
90 74
73 1
35 81
8 72
14 20
41 17
90 96
56 75
27 30
81 7
61 63
39 42
23 80
72 70
26 54
8 89
67 37
62 19
25 26
16 22
61 24
7 22
61 89
60 7
48 22
83 73
21 48
94 49
28 36
50 63
2 52
61 12
36 60
11 22
2 70
62 90
37 95
65 77
4 74
27 54
63 42
32 92
90 56
84 60
83 17
62 68
90 32
17 97
59 55
36 27
11 79
23 34
66 50
49 4
21 14
15 13
84 47
23 82
35 80
44 6
6 91
62 94
42 81
89 9
57 66
89 75
75 65
82 18
86 62
34 32
92 94
52 41
65 98
16 45
35 59
29 73
2 13
30 6
50 24
31 99
85 13
5 75
13 44
62 1
56 7
63 76
17 94
63 6
43 30
87 50
62 23
55 20
29 76
33 16
36 31
59 44
86 14
20 36
11 90
31 24
56 75
87 69
62 61
56 22
49 31
4 18
38 44
92 24
24 73
23 97
62 91
27 32
63 53
64 2
28 34
56 27
47 98
73 66
93 88
90 61
60 32
96 64
14 92
90 97
78 10
40 83
87 36
47 24
81 26
32 51
67 7
57 20
60 77
44 67
75 2
43 10
7 94
88 73
36 33
30 45
70 21
55 16
27 3
18 97
16 33
99 84
73 55
26 90
93 89
42 19
52 73
64 79
95 91
70 67
9 35
78 30
16 15
11 78
97 43
41 23
31 64
70 73
19 89
52 69
59 12
61 66
84 58
83 56
23 66
57 59
68 31
95 1
71 11
16 40
49 2
52 81
69 49
1 49
94 11
68 26
32 26
53 72
8 68
4 96
50 76
78 68
45 64
74 8
49 1
47 65
37 14
45 51
65 44
57 61
80 37
58 18
4 11
3 14
68 6
45 8
4 99
60 13
64 17
29 87
66 55
74 42
31 47
4 65
6 44
14 10
61 33
44 1
65 99
8 47
13 4
83 1
28 54
84 39
44 54
94 27
6 55
98 13
11 90
12 14
45 29
91 17
23 24
68 13
5 96
4 29
6 27
95 99
2 81
80 10
92 31
78 57
49 55
23 59
72 53
23 91
92 1
29 23
24 75
82 65
71 43
7 71
52 43
20 40
32 82
9 36
49 66
32 13
1 39
16 28
59 62
42 62
24 53
57 31
5 76
90 64
21 43
21 19
0 48
16 73
39 19
66 81
92 75
97 53
44 51
18 52
31 28
98 92
50 71
80 30
71 45
11 22
56 47
16 82
64 39
42 13
12 66
0 15
83 17
76 84
19 50
27 40
34 28
9 59
83 52
49 46
1 90
44 3
8 21
89 78
67 4
13 19
89 70
35 36
52 23
78 38
56 9
4 7
2 12
97 35
63 34
59 82
11 26
35 71
78 62
82 36
85 63
41 62
38 4
47 26
36 44
6 51
39 19
87 23
76 62
39 12
41 82
68 43
74 28
64 97
99 84
12 92
98 88
41 1
52 25
33 76
19 86
66 91
9 31
71 49
73 27
47 53
67 0
41 44
13 81
66 48
17 70
74 35
95 85
85 30
77 26
95 20
1 62
49 62
96 22
36 21
60 23
67 22
47 14
75 77
17 67
96 19
67 86
95 89
3 27
45 90
86 45
47 54
27 78
43 86
45 53
9 69
18 11
52 35
52 92
35 44
98 41
45 90
22 17
35 43
29 91
50 10
61 20
61 25
27 13
69 46
28 81
79 82
31 49
28 33
33 26
3 94
25 54
26 25
6 11
70 23
32 12
98 8
58 9
51 88
55 53
65 1
2 18
23 16
85 38
23 72
71 11
51 9
58 34
36 83
82 94
4 50
12 43
45 9
50 68
90 27
10 89
16 80
43 96
48 77
64 78
68 74
34 19
73 98
36 76
93 10
16 25
17 57
31 1
87 51
13 92
88 31
11 32
14 25
65 70
77 4
22 76
70 55
31 86
37 38
78 5
1 85
4 76
56 30
18 57
36 52
17 52
24 54
56 75
74 35
43 26
65 30
34 40
65 87
77 18
8 63
93 10
61 64
22 75
70 51
89 70
7 93
80 16
94 23
72 6
48 46
45 68
69 63
36 31
84 88
54 96
49 63
22 75
58 48
66 11
2 65
88 60
69 35
52 28
67 3
13 31
93 77
26 11
37 4
28 26
15 28
23 60
20 94
83 10
46 23
44 57
9 69
96 76
75 85
18 11
93 67
31 29
97 50
86 19
49 28
48 29
54 11
35 69
81 42
39 32
33 66
41 63
93 95
15 71
57 92
5 17
7 64
80 73
48 13
93 99
12 47
32 57
8 36
60 57
79 18
40 22
58 88
59 42
11 60
45 40
58 5
76 29
73 71
4 60
28 93
25 53
25 35
73 1
4 29
40 44
93 66
70 29
46 27
17 67
76 14
7 42
57 66
12 87
18 8
65 61
62 28
51 6
8 66
81 71
79 7
6 30
82 88
93 82
52 14
20 26
59 21
29 18
69 68
99 44
27 80
8 36
81 91
29 96
10 84
66 49
77 96
44 38
94 51
80 90
29 23
98 63
40 15
63 36
88 30
50 96
54 34
62 82
5 13
68 27
53 14
16 43
49 59
8 4
0 46
53 18
10 5
53 38
0 92
8 40
13 45
43 73
66 46
96 32
55 28
59 64
73 24
94 52
43 78
11 64
50 3
13 46
40 39
80 2
9 58
51 14
82 95
84 27
14 12
18 48
29 81
9 31
41 93
96 23
32 13
53 50
88 29
61 19
48 27
94 20
89 27
24 5
34 89
95 87
90 58
9 62
30 33
7 82
81 84
35 83
6 28
61 17
70 20
93 15
32 31
10 87
18 30
85 0
16 36
9 50
25 67
65 88
8 15
80 86
10 49
6 40
82 19
98 78
69 47
8 56
79 34
67 74
64 99
60 42
53 30
10 98
99 16
40 48
23 14
16 34
92 73
44 87
57 2
69 44
6 34
19 31
13 30
42 12
30 74
7 71
27 53
46 94
83 88
6 93
64 44
37 76
29 90
57 75
7 67
50 65
13 62
4 36
14 10
27 99
66 6
34 49
96 60
35 92
59 10
78 55
71 32
95 56
83 38
29 44
15 39
42 15
30 89
6 41
91 77
43 39
37 72
14 94
37 9
67 55
45 44
35 68
43 81
71 56
26 2
8 1
82 80
14 42
10 6
47 80
41 60
79 17
45 15
5 94
91 12
46 83
60 10
91 79
47 86
90 54
34 9
52 87
7 16
75 72
14 28
28 77
74 18
84 81
60 7
90 21
78 27
77 47
48 94
84 79
92 67
70 39
14 5
1 24
52 11
25 62
32 67
10 12
15 37
27 21
92 15
14 41
32 51
56 60
37 23
58 75
37 19
52 22
6 0
20 16
71 93
20 9
18 44
18 71
15 30
18 40
24 35
54 3
69 81
53 7
99 91
17 67
60 29
41 58
85 7
86 64
30 40
90 47
77 34
29 26
80 41
25 41
98 67
87 91
77 71
70 68
88 46
35 93
75 99
69 41
20 45
18 62
60 57
36 96
39 10
75 39
24 52
77 32
80 29
42 21
83 94
33 76
67 43
4 74
30 2
60 18
11 65
69 25
36 70
93 52
17 10
56 68
41 13
82 74
73 46
98 49
54 31
21 94
76 42
64 3
16 55
41 81
61 26
94 51
18 67
2 31
74 18
78 37
4 70
57 64
29 11
56 36
91 18
52 74
31 49
65 67
35 26
75 56
15 3
39 87
82 65
60 15
53 78
61 57
2 45
43 44
55 65
14 39
20 75
73 44
64 73
90 94
53 44
96 79
92 77
79 8
69 90
57 3
79 65
54 34
55 62
83 63
51 17
31 58
83 37
18 90
47 62
58 24
13 40
82 9
70 10
12 91
14 30
3 54
55 84
44 1
74 26
28 62
81 95
82 53
15 34
32 10
23 62
52 72
78 17
73 23
95 64
78 92
18 13
43 64
75 12
29 89
91 59
63 46
98 18
24 59
39 77
33 26
50 84
98 92
35 3
17 75
6 51
64 95
2 49
75 40
63 74
93 7
57 14
7 93
2 93
50 58
28 15
86 78
66 6
33 71
13 39
72 92
88 33
53 78
47 64
33 50
54 6
0 26
26 45
46 70
56 65
42 62
91 7
59 96
55 34
15 95
71 99
25 26
83 8
25 99
31 41
78 74
51 79
12 30
50 80
55 3
64 42
72 11
74 92
16 79
99 49
49 20
27 7
9 15
69 81
69 15
55 12
48 22
60 46
56 48
72 62
7 49
67 20
48 94
82 6
92 99
47 14
6 0
74 52
40 67
24 63
4 90
0 53
85 93
32 44
23 34
33 53
26 91
87 99
17 73
79 45
54 46
70 41
21 11
77 2
90 56
58 61
27 7
59 54
18 95
82 71
4 57
96 74
65 49
44 29
81 32
64 42
61 38
46 49
45 96
33 49
58 19
88 99
73 71
56 88
46 23
58 23
0 86
36 15
53 34
26 0
44 34
40 82
94 56
63 40
7 58
82 12
25 42
18 67
40 16
85 33
17 25
82 7
13 61
52 63
25 91
30 51
8 75
14 89
47 78
58 57
46 72
81 73
64 24
46 90
98 52
91 44
85 55
36 65
27 74
34 25
22 96
76 9
31 25
93 61
13 29
14 59
25 95
96 77
27 56
82 45
4 15
25 17
59 17
78 33
20 80
11 93
68 13
52 74
64 18
94 51
72 63
82 18
73 83
67 42
60 82
92 85
98 22
76 7
75 39
46 10
65 14
29 50
42 70
4 32
29 14
52 15
48 89
26 2
75 96
68 5
39 33
25 49
21 54
30 65
60 28
14 17
13 98
35 1
73 54
49 63
72 49
42 24
52 88
74 86
18 78
53 42
25 29
47 76
8 52
88 39
35 91
94 89
63 13
62 37
60 29
82 7
44 68
56 92
32 86
12 28
83 9
11 69
23 5
99 45
28 90
11 50
87 32
31 69
8 78
41 7
22 36
4 95
88 55
78 32
73 2
17 6
60 15
25 55
39 46
62 74
68 83
65 74
68 67
23 84
24 76
74 86
4 53
32 45
99 85
89 35
25 32
84 0
26 99
45 78
70 72
47 38
75 55
4 43
54 7
80 79
1 33
4 41
87 79
58 83
72 69
69 19
59 67
62 23
90 81
30 36
49 51
90 29
6 89
18 74
29 83
24 63
61 38
76 98
70 78
79 93
50 17
54 73
61 65
68 98
41 1
23 82
19 37
50 18
25 3
88 82
26 0
27 10
50 20
2 47
64 72
66 23
63 31
8 99
67 26
73 59
83 66
61 17
59 16
2 90
82 17
5 91
82 2
80 21
22 99
74 80
99 81
92 56
56 61
94 30
80 23
61 0
17 26
68 94
29 82
57 88
65 32
7 59
67 16
7 57
10 74
50 73
2 20
94 68
37 8
62 70
3 17
84 36
71 45
2 64
65 8
84 92
9 7
4 83
4 55
70 60
35 19
18 53
26 5
0 20
32 58
75 85
93 41
30 7
88 83
15 13
16 84
90 50
14 72
95 33
40 76
11 51
84 22
23 0
54 34
0 58
59 12
51 9
18 84
64 58
37 70
44 36
11 32
3 34
51 66
57 14
47 63
91 54
82 5
28 39
24 54
24 38
77 29
10 57
43 32
54 56
42 95
1 97
1 57
26 98
38 96
56 94
91 77
76 28
53 24
16 30
2 59
48 20
88 58
80 88
18 11
2 48
58 98
49 35
60 95
44 32
82 40
83 41
68 62
65 72
68 23
14 78
97 8
34 30
75 44
88 5
74 85
63 6
91 26
76 22
98 55
4 71
85 66
40 67
21 78
7 95
13 29
15 58
83 67
83 69
77 37
2 21
77 49
53 57
74 1
41 56
5 93
9 14
52 67
9 94
55 91
83 29
56 69
76 42
94 79
59 92
28 76
52 14
91 17
88 24
60 29
11 18
61 48
31 43
30 0
46 63
25 45
31 96
18 53
85 10
69 67
40 62
28 3
97 68
18 77
47 42
65 95
85 18
28 55
54 64
97 81
1 22
55 78
65 4
49 34
40 74
13 90
45 2
11 19
24 51
81 95
87 2
2 70
15 26
4 94
96 0
22 29
29 51
98 1
79 65
88 40
10 66
12 16
0 60
80 73
96 39
13 87
66 25
91 78
5 34
48 16
62 42
78 34
34 62
77 69
64 21
63 26
89 46
56 6
29 70
92 97
46 92
85 67
22 45
99 22
40 97
80 58
69 26
4 58
76 44
67 14
45 89
44 68
74 38
32 65
96 13
53 85
20 30
71 14
30 6
16 60
26 11
42 68
53 67
0 1
59 20
48 43
96 79
14 77
21 57
19 56
99 83
81 3
45 81
13 28
30 27
68 80
97 58
42 8
16 17
28 76
81 12
53 7
84 67
74 63
84 89
53 80
8 57
3 49
99 2
9 70
78 91
94 80
4 40
79 41
13 81
57 16
8 94
70 62
29 16
82 80
84 59
71 16
93 39
62 64
24 57
45 59
29 22
19 92
3 68
46 76
47 74
56 90
38 76
95 8
20 56
7 80
0 48
55 5
33 30
98 79
54 9
39 80
0 89
41 85
81 48
55 47
79 81
23 57
89 77
12 24
7 13
66 72
68 89
99 59
4 35
69 75
75 27
18 51
9 37
57 92
41 14
86 19
84 59
15 2
28 62
83 60
0 10
26 81
50 90
51 89
26 67
84 0
51 95
64 5
76 30
13 1
91 62
22 55
91 71
80 16
23 63
83 54
43 60
41 57
0 98
24 87
88 94
98 67
50 32
13 62
9 23
9 34
19 40
86 90
57 18
30 36
94 85
4 94
0 70
30 2
91 2
14 23
96 7
36 73
7 62
11 87
54 27
67 10
84 86
35 70
87 77
56 20
28 27
61 56
77 48
76 49
90 14
35 72
59 10
24 69
45 51
88 27
50 39
73 39
52 59
67 90
30 29
23 4
39 28
29 41
82 31
62 31
15 84
35 22
33 2
56 76
31 35
22 49
35 42
96 23
13 89
10 15
51 2
97 32
48 94
57 68
72 37
51 53
57 91
77 95
52 20
40 55
8 72
68 62
47 18
68 44
79 99
59 2
18 88
84 25
6 33
37 31
42 4
80 29
34 91
85 58
80 61
0 6
41 48
68 21
21 38
80 20
21 12
52 84
56 61
70 83
87 57
73 49
85 41
59 12
56 31
75 32
45 37
51 34
59 88
39 25
48 99
41 29
95 62
3 16
82 51
73 89
0 56
9 50
78 36
53 19
11 88
51 97
55 8
37 26
92 1
49 61
31 36
13 74
84 75
9 31
96 3
2 19
97 65
41 4
34 31
48 68
17 39
88 10
8 83
11 92
9 11
44 75
57 64
57 56
8 74
2 59
99 44
42 88
70 90
42 10
16 1
63 68
19 78
5 42
25 79
26 15
60 16
88 34
18 61
22 24
9 68
41 10
10 56
54 82
64 53
69 38
50 8
66 4
10 89
79 38
93 13
83 88
87 27
68 7
33 4
52 0
76 38
16 5
37 91
4 47
13 56
99 19
89 64
15 3
49 41
36 3
89 53
71 84
63 70
16 83
19 69
28 17
80 72
88 30
70 60
40 73
57 17
1 78
2 59
85 64
1 27
11 23
44 61
44 87
0 4
98 39
40 67
76 84
46 88
48 51
0 47
36 38
78 62
84 79
76 85
1 11
72 28
39 0
12 72
39 4
89 53
22 57
51 50
20 66
80 53
58 22
37 43
62 12
15 70
41 58
48 63
63 67
90 35
2 20
31 48
42 70
1 91
80 58
10 72
11 17
7 95
73 28
93 58
72 78
15 67
84 30
65 12
12 6
14 23
55 24
84 55
31 59
37 28
79 36
44 13
54 81
29 16
63 54
26 8
37 15
40 16
29 54
74 35
91 50
50 76
89 51
47 13
69 20
64 86
4 88
94 76
69 77
60 21
76 84
11 73
98 18
27 93
8 97
76 55
35 22
56 53
98 5
77 47
35 62
36 43
6 29
69 29
43 88
3 90
74 59
85 11
27 16
55 42
8 88
33 89
63 60
78 96
35 56
93 27
99 8
34 90
75 13
94 93
32 14
4 17
77 24
19 65
74 54
78 16
36 84
56 64
92 62
7 20
32 79
57 39
31 67
27 33
92 87
12 91
47 42
20 88
28 68
75 92
95 5
90 33
42 40
10 77
27 48
30 67
55 30
53 6
16 99
52 11
29 55
47 13
73 48
98 88
41 56
67 92
57 2
89 77
95 17
62 84
53 11
86 96
31 13
80 97
44 62
82 36
50 90
75 29
20 44
1 68
72 58
14 19
9 59
34 37
90 42
92 97
52 20
67 93
13 49
17 89
31 80
95 96
18 21
76 12
55 61
23 12
13 73
62 41
22 39
89 44
8 94
88 43
52 26
17 10
5 9
24 50
92 6
42 58
7 42
10 64
92 5
59 23
26 70
74 97
36 13
48 60
24 75
95 43
64 61
24 76
51 98
18 9
78 14
45 27
10 66
52 79
53 77
63 69
22 95
67 15
39 81
25 14
89 66
92 13
23 64
87 37
15 80
79 30
39 10
65 11
1 47
25 2
23 68
35 16
16 80
79 31
59 98
90 84
68 64
35 79
35 59
45 39
60 2
51 54
78 49
93 5
8 72
3 60
66 46
21 96
74 79
9 90
67 28
94 42
16 61
8 42
26 43
48 21
50 98
4 84
10 22
65 32
84 69
41 77
16 98
10 90
12 79
31 22
86 14
58 80
22 97
7 66
38 49
60 82
69 14
81 64
32 76
96 52
84 20
47 70
25 7
97 23
74 42
15 77
16 82
14 58
88 3
0 94
69 18
0 45
50 55
21 5
75 88
31 97
8 82
60 40
26 80
51 86
80 26
27 61
5 97
49 64
13 47
7 17
44 56
68 6
23 16
35 33
77 49
86 42
80 96
58 50
26 56
14 42
6 48
67 21
94 56
16 13
92 78
84 92
39 14
52 45
93 83
49 44
60 81
62 23
79 14
65 15
80 32
13 70
19 63
56 80
82 6
47 28
91 24
40 66
45 69
16 42
99 47
48 77
94 24
84 24
25 71
54 95
73 38
63 98
43 90
18 24
56 82
84 51
43 17
69 97
81 10
86 48
72 37
37 73
72 65
18 0
62 14
26 25
20 3
96 23
94 28
44 35
62 81
54 50
27 18
27 62
27 16
41 12
13 24
87 48
5 95
50 99
62 57
37 35
62 7
11 66
45 86
33 40
23 53
43 12
43 58
37 29
93 95
22 89
25 74
92 6
28 97
14 30
86 87
18 15
68 91
33 88
41 61
51 42
44 20
4 34
48 23
18 84
91 95
53 23
43 29
61 71
24 41
11 32
14 76
61 82
14 68
71 36
63 41
25 87
39 43
45 77
8 12
70 73
53 46
14 17
59 12
72 91
56 54
3 4
16 37
0 77
56 71
84 52
76 99
21 77
80 52
82 38
8 3
1 63
68 94
96 60
91 1
45 96
22 60
60 40
82 76
35 18
44 98
27 92
28 24
32 40
54 75
82 87
51 29
57 89
32 93
50 85
12 98
45 60
45 44
21 26
84 36
25 74
86 74
66 90
96 98
90 0
5 21
48 42
40 75
29 89
91 93
45 22
84 37
9 28
10 96
48 75
84 80
97 98
65 10
93 48
81 62
19 58
39 12
57 45
95 38
52 33
20 0
10 78
57 7
81 9
20 72
69 57
36 16
97 39
29 95
55 20
23 13
9 17
1 81
94 54
32 60
23 42
93 46
17 89
32 74
23 82
95 74
33 21
42 65
41 85
66 89
57 26
6 51
93 77
62 49
96 7
58 48
93 30
99 42
22 28
92 50
82 72
32 54
71 30
60 57
65 34
77 3
50 1
68 92
40 91
81 64
36 41
12 58
28 55
41 45
34 99
14 67
16 41
26 17
94 43
13 82
15 59
43 40
48 36
93 5
11 30
86 82
60 15
79 65
72 48
35 37
58 57
95 31
61 23
15 90
88 33
23 75
54 84
27 56
75 12
7 15
31 4
75 48
49 83
27 86
65 75
56 61
49 8
49 60
89 62
48 28
25 77
11 29
29 93
93 78
50 9
32 10
45 66
22 31
9 83
43 86
38 3
46 58
67 5
20 76
19 21
8 48
68 95
37 52
94 52
87 33
61 4
18 64
89 73
68 73
33 55
56 86
20 57
79 30
86 58
14 7
57 6
28 23
57 19
53 21
85 81
98 35
10 26
26 94
41 59
56 1
74 52
30 28
8 0
59 47
90 40
24 26
67 61
9 60
19 31
9 78
45 41
98 0
46 93
7 91
78 96
68 12
5 21
28 57
79 68
79 74
28 98
98 43
97 90
66 14
45 27
66 42
6 36
46 34
51 19
81 54
7 6
45 8
72 26
23 36
12 39
14 66
89 4
2 49
57 60
62 26
23 77
79 28
13 68
75 88
64 88
9 57
7 99
22 93
94 18
20 67
23 57
54 11
44 29
40 11
46 61
65 92
13 75
89 98
41 65
8 98
24 41
91 25
22 23
71 67
1 69
86 78
74 46
48 10
57 35
94 97
65 16
82 52
35 92
64 83
40 52
62 37
89 7
5 21
34 1
37 59
18 0
78 33
87 91
50 86
97 52
78 29
60 7
23 20
32 28
61 13
72 23
14 66
98 21
26 45
67 30
54 4
14 95
90 91
5 54
13 1
4 74
41 43
77 91
5 32
63 56
74 63
96 16
26 47
53 91
81 17
90 62
49 25
26 15
95 23
27 38
36 77
34 44
68 83
69 94
98 73
53 77
9 86
15 90
6 88
8 34
97 83
19 30
64 83
48 58
25 43
26 64
18 48
2 0
65 73
99 34
32 29
70 95
78 65
85 57
49 61
72 53
66 58
92 41
33 56
7 31
3 73
39 19
28 96
63 70
85 21
45 38
82 52
83 38
91 18
85 64
74 95
88 3
7 11
2 61
52 29
87 21
24 0
51 27
47 24
84 32
66 23
57 36
28 12
96 30
32 62
30 48
68 10
63 83
10 94
1 37
91 15
82 16
47 92
27 61
50 73
81 91
26 40
8 60
0 23
24 17
13 93
28 53
83 6
73 97
49 1
19 74
99 56
4 42
76 23
29 69
92 20
36 71
77 39
57 92
28 44
27 71
3 39
41 0
30 57
18 6
6 15
96 6
75 42
62 49
19 50
57 49
16 17
46 84
12 33
45 72
98 77
87 14
2 71
41 27
43 23
24 73
54 3
39 54
7 32
24 41
25 33
82 49
64 92
62 38
11 19
81 45
73 48
66 10
54 45
40 69
5 23
45 30
17 56
53 20
85 75
67 18
84 47
71 27
18 4
72 60
34 51
22 27
35 67
13 68
27 26
84 7
23 34
12 26
28 98
12 5
31 3
31 17
14 73
95 92
83 64
7 79
14 56
55 51
77 18
47 71
76 9
94 17
57 5
71 5
80 99
18 7
96 21
85 24
63 55
91 72
63 86
1 79
25 32
69 1
67 31
15 78
49 81
74 16
44 98
68 19
48 92
25 6
50 13
60 81
69 38
44 0
85 13
63 20
51 54
78 26
71 73
62 67
76 98
37 68
43 34
15 78
15 94
14 69
32 52
60 0
57 38
66 62
26 52
52 16
12 82
88 94
3 14
59 73
92 90
41 32
26 70
17 82
51 52
86 7
59 47
19 23
97 9
83 23
83 9
59 95
20 21
28 7
25 58
74 53
22 66
84 13
89 42
67 17
41 49
71 42
64 42
94 51
5 74
38 72
96 76
22 69
78 55
79 58
29 86
16 85
83 84
55 68
91 99
53 27
4 33
1 20
60 38
74 79
8 93
60 54
68 75
64 39
75 26
21 86
21 6
51 96
59 75
20 19
63 28
68 98
84 14
69 31
12 95
92 71
92 7
38 35
19 9
37 42
91 88
61 74
82 31
95 50
79 43
76 27
7 80
70 93
94 0
79 10
68 12
74 19
17 44
16 34
50 48
61 62
34 61
32 37
65 85
57 45
1 74
59 2
46 85
86 64
64 42
78 35
2 25
32 74
11 49
67 50
24 64
69 85
52 47
19 36
48 38
67 96
49 81
51 76
81 0
65 83
90 96
47 4
33 29
56 58
72 32
58 81
56 74
68 10
79 83
90 58
70 26
24 12
82 68
73 14
44 48
64 29
46 83
86 92
23 50
94 52
25 71
79 5
17 75
12 71
98 79
0 27
5 57
96 33
57 62
40 6
57 11
88 85
98 68
8 6
34 10
9 17
90 91
75 59
1 15
61 51
98 3
21 78
43 84
28 74
96 39
97 26
15 32
86 6
46 59
4 21
84 43
73 52
10 5
55 0
72 46
43 91
77 92
13 37
77 25
88 68
26 74
50 47
2 39
55 78
34 66
84 88
24 33
36 86
61 28
97 73
88 9
7 65
99 17
79 88
90 82
43 17
63 8
42 22
64 59
29 61
10 44
5 3
39 35
90 74
25 20
74 21
70 96
80 89
31 43
37 21
57 59
93 91
20 70
42 50
46 42
52 13
46 55
30 83
46 35
7 83
62 10
59 64
42 46
98 57
55 84
13 53
58 6
94 82
35 20
73 36
5 10
88 39
8 54
54 27
4 38
97 28
58 33
12 83
35 98
83 62
5 36
54 14
92 23
38 86
0 14
9 10
18 98
65 53
66 38
53 56
15 53
19 2
67 76
52 93
81 59
90 47
0 34
11 14
48 79
9 17
94 53
9 99
24 79
31 23
84 2
32 88
45 60
78 87
21 7
72 42
46 52
27 57
62 99
40 70
29 91
86 1
21 76
48 2
89 31
48 51
24 18
46 61
86 34
40 69
24 37
44 6
28 96
17 88
84 52
93 79
8 10
96 24
87 84
4 39
56 96
71 45
86 93
21 23
65 50
41 16
53 39
90 1
17 24
40 5
53 94
95 51
12 71
5 67
34 63
46 99
36 48
0 63
54 53
45 65
62 86
21 13
26 74
44 73
60 11
27 84
50 92
69 49
67 69
64 97
51 17
79 23
93 8
74 27
78 80
63 77
26 39
74 21
73 28
78 29
40 52
49 46
60 74
14 0
54 84
60 65
66 63
53 57
61 79
27 13
39 94
69 68
14 83
61 36
14 58
81 56
38 72
13 24
8 9
87 13
79 87
73 69
85 62
93 66
24 72
53 17
78 73
6 22
88 84
48 37
68 74
23 83
1 75
79 42
14 89
92 20
42 96
52 37
65 19
10 14
30 45
83 7
42 56
1 15
22 74
79 26
12 16
79 65
70 76
42 19
33 71
76 94
30 73
36 71
82 55
74 30
1 81
55 91
26 30
96 80
64 6
75 5
31 83
62 19
25 0
60 63
34 33
5 11
3 64
22 91
35 36
0 78
66 53
9 36
31 41
60 59
83 44
69 37
9 65
58 50
3 15
53 63
77 49
9 53
21 39
27 43
8 46
90 64
48 5
15 1
4 97
48 98
24 78
85 64
59 15
39 48
76 14
45 86
63 28
76 24
83 26
36 18
14 42
25 10
42 15
25 6
24 29
35 21
4 16
46 60
9 50
45 46
32 56
51 9
2 28
2 9
46 86
41 31
0 79
84 95
40 1
68 35
39 82
70 67
46 18
30 23
36 83
86 99
89 11
38 31
35 21
10 79
72 80
9 32
62 90
65 26
93 7
32 53
4 90
52 98
96 69
19 59
8 51
71 25
61 45
25 36
30 44
47 92
74 1
43 33
24 8
84 38
46 63
96 62
97 83
84 56
31 56
14 3
85 6
25 11
15 33
3 47
47 77
35 93
27 87
53 39
86 35
26 39
55 37
38 7
90 28
37 5
84 33
38 32
47 76
92 72
20 51
73 68
18 52
72 4
51 11
21 44
41 43
88 95
40 91
16 14
64 92
91 79
2 8
5 36
77 24
43 52
85 82
89 84
31 20
56 45
87 9
20 70
97 82
61 74
39 28
64 69
31 92
17 72
14 82
67 21
93 45
67 65
87 8
68 42
22 18
80 97
35 33
60 16
65 51
14 98
31 85
27 48
82 72
56 78
41 79
8 69
67 46
87 24
44 92
47 61
92 72
54 11
74 66
66 94
92 64
99 11
89 40
21 57
55 44
90 88
33 84
79 59
57 85
22 54
13 80
62 21
58 44
80 36
5 16
26 75
41 94
96 56
33 50
38 30
19 15
23 88
7 3
91 32
92 70
11 57
48 12
40 20
3 8
31 81
11 29
93 82
71 62
41 69
63 91
21 4
63 86
36 5
15 47
16 70
94 9
2 5
20 60
6 26
69 24
99 5
29 45
88 76
81 80
99 20
17 52
90 34
78 63
21 39
69 6
84 80
98 88
42 55
43 10
89 67
85 78
68 95
17 37
93 48
30 71
66 49
90 2
74 15
22 46
45 38
90 39
78 60
7 89
78 10
46 8
47 28
36 5
15 99
9 89
81 48
13 96
85 74
18 91
59 11
36 48
13 73
90 5
81 14
53 45
94 70
62 29
82 40
32 39
78 84
84 27
77 96
49 84
28 66
25 22
60 36
13 41
97 35
58 3
10 29
24 34
49 16
29 84
58 69
90 27
97 53
96 84
86 74
8 88
30 81
58 29
20 66
97 79
85 57
81 6
60 31
45 26
49 4
89 63
50 38
79 88
27 93
98 99
70 9
85 45
6 13
4 47
23 89
32 86
72 71
70 32
48 13
76 77
69 92
49 33
80 33
8 70
7 3
41 78
48 4
25 56
2 45
81 83
69 13
39 31
68 9
30 41
46 27
85 13
30 45
21 24
2 83
51 16
43 74
99 84
85 12
55 1
45 68
17 8
61 58
76 89
20 58
39 28
52 44
36 46
46 97
16 58
33 28
95 89
58 96
62 85
54 91
95 88
11 46
37 44
82 66
80 18
28 66
66 63
47 99
91 65
15 42
46 20
17 1
46 5
78 26
97 81
88 59
33 55
19 23
74 90
35 62
20 62
6 65
12 91
72 37
51 53
6 96
67 17
97 96
68 13
49 85
70 40
86 98
33 77
68 45
52 22
81 64
33 36
39 68
98 83
51 0
5 27
92 51
46 11
67 41
10 40
62 2
78 91
69 6
92 47
52 6
29 63
25 93
9 43
14 49
87 55
62 1
30 15
59 67
96 61
44 69
91 3
80 15
28 64
30 96
27 12
38 52
23 71
26 54
47 68
25 76
26 97
55 62
49 64
38 73
36 89
8 52
57 43
5 38
96 52
41 28
6 94
33 54
79 23
94 88
26 57
28 67
44 99
51 27
91 14
1 69
18 61
1 34
79 53
63 50
80 13
18 65
55 73
77 67
54 93
78 86
98 33
31 76
99 89
4 40
44 24
51 53
33 66
31 28
83 40
37 3
24 22
89 23
73 37
23 37
84 38
84 82
92 14
43 58
43 17
42 94
71 62
21 78
87 34
60 84
35 63
54 36
62 39
42 75
39 15
84 88
77 36
61 0
62 75
27 50
59 15
75 36
86 56
88 40
82 4
16 41
49 13
73 58
29 44
88 39
97 43
31 86
40 90
96 62
42 15
43 35
30 38
24 35
32 67
75 53
36 75
97 37
42 11
1 21
52 62
20 40
13 61
57 64
23 58
85 44
85 20
9 70
22 80
78 18
95 72
31 37
13 6
80 5
19 46
12 87
9 28
11 59
2 59
61 4
52 79
32 62
3 13
9 18
23 88
28 6
94 35
63 12
4 19
91 98
86 44
28 52
21 52
7 48
37 93
90 63
93 57
14 47
43 61
84 62
68 34
24 72
32 92
52 36
47 81
83 3
80 86
50 21
53 10
35 9
94 38
96 38
97 76
79 78
72 42
96 87
67 17
62 74
61 97
53 92
3 67
79 30
13 11
80 35
12 73
58 26
50 38
24 66
14 38
80 19
76 30
71 92
71 12
83 93
52 55
3 61
3 98
6 54
75 17
96 33
83 29
94 68
65 62
86 96
81 85
5 82
75 62
17 55
78 84
28 73
18 87
51 74
9 10
29 71
86 45
75 22
55 26
53 66
58 68
92 64
6 83
19 96
62 3
98 80
97 66
36 31
54 79
75 5
71 59
79 86
79 88
24 48
66 13
20 73
72 45
99 38
65 49
2 30
60 63
47 20
88 75
97 61
59 98
75 31
12 34
2 89
68 42
3 16
25 66
78 60
52 93
54 16
76 28
54 47
19 4
1 48
33 52
42 87
55 90
29 97
4 21
13 60
81 68
84 60
25 55
75 12
62 15
28 64
24 76
87 17
46 13
92 90
28 73
2 52
16 36
66 63
43 24
32 44
90 31
80 57
43 49
39 16
83 94
95 48
56 41
57 63
96 93
88 0
34 87
58 11
42 74
5 12
21 68
23 79
16 21
87 7
91 25
62 11
47 43
67 38
10 76
16 62
21 43
59 74
80 94
77 68
58 11
63 36
58 59
56 72
45 6
56 38
11 29
84 98
72 13
36 77
7 35
44 40
91 50
92 87
92 71
83 87
79 83
10 2
42 75
75 86
53 88
51 80
92 30
10 54
89 38
56 89
26 6
45 73
62 60
8 72
19 84
45 18
16 8
20 69
29 80
7 17
4 75
14 49
24 33
22 92
25 46
92 33
28 91
91 49
55 67
89 60
50 53
84 28
60 87
61 48
90 1
60 34
30 0
80 17
90 76
75 56
75 67
69 98
15 8
55 8
2 72
10 55
77 12
47 70
19 46
42 8
21 8
26 80
72 46
28 88
8 29
66 49
33 30
5 33
94 45
83 75
52 30
44 45
84 99
5 34
24 60
77 96
58 81
46 89
87 39
79 45
80 30
57 25
22 23
29 24
55 56
69 59
34 14
65 12
53 90
72 99
31 10
36 63
51 89
90 58
29 67
29 65
78 44
91 13
84 55
27 92
90 79
30 62
97 15
97 99
20 63
99 55
37 52
40 90
84 93
86 13
23 47
40 83
51 98
58 20
97 71
82 67
16 78
10 37
8 65
21 7
96 49
87 27
65 8
49 44
93 65
34 65
1 87
87 61
94 52
21 96
2 74
95 73
55 34
41 30
86 65
30 45
7 26
91 40
27 80
58 15
97 75
32 91
18 95
63 32
77 94
12 51
32 30
22 59
83 41
43 41
49 61
98 6
82 88
22 92
57 77
86 5
28 51
8 73
71 10
84 95
31 77
24 50
55 99
40 13
14 98
46 71
35 51
8 48
49 69
52 66
85 46
85 62
63 88
99 75
82 97
89 69
41 69
99 96
43 84
47 10
31 54
26 94
68 80
20 85
50 12
35 99
74 97
35 71
84 72
79 3
30 97
81 14
32 89
91 59
96 6
27 4
74 81
6 39
6 21
48 9
87 44
9 31
61 42
3 71
6 50
34 27
16 81
23 58
6 96
6 69
66 54
74 85
75 19
72 37
26 95
4 83
39 93
38 48
15 69
40 57
38 90
44 53
47 87
59 28
43 30
22 77
36 52
74 2
77 35
28 96
71 60
82 55
39 65
60 39
69 28
69 82
63 68
29 69
3 74
80 21
65 49
31 41
97 42
27 69
95 28
62 98
5 44
94 97
84 46
23 38
16 27
15 67
57 55
81 1
33 75
9 69
55 33
14 74
48 62
76 48
80 7
22 24
1 97
47 68
53 63
76 12
65 46
39 87
52 5
75 86
47 13
73 30
21 97
58 50
35 46
73 67
76 88
22 95
86 5
51 55
71 89
15 97
8 35
78 9
56 74
61 35
7 23
70 61
31 2
39 66
38 57
80 16
77 18
8 73
70 87
38 87
88 29
81 89
9 56
90 19
22 88
66 56
80 70
6 40
25 18
4 46
73 19
89 7
46 66
51 45
24 42
84 12
87 70
57 96
75 10
39 84
19 75
53 66
29 86
27 81
33 46
87 15
88 45
98 96
86 9
34 14
56 43
61 84
30 83
31 39
88 31
84 8
1 86
17 26
3 48
96 52
30 35
77 34
17 66
19 86
81 92
60 38
31 88
20 26
93 81
93 37
84 25
37 35
19 80
19 14
44 0
23 81
44 1
76 51
8 43
84 72
92 38
31 21
69 74
47 63
82 68
16 60
92 78
5 39
50 65
9 60
22 47
13 69
74 88
95 76
18 47
77 25
74 81
86 14
33 30
89 18
51 26
15 85
97 3
15 84
44 86
92 40
81 28
34 41
6 66
14 85
37 93
12 87
24 91
19 18
54 56
46 23
21 1
70 5
52 16
67 35
82 47
29 9
65 24
93 77
17 42
81 5
22 53
31 42
33 91
97 23
98 46
26 15
21 94
75 40
96 49
47 71
30 99
92 83
50 69
86 9
32 19
52 26
27 70
91 24
21 49
80 53
2 46
14 29
21 2
60 14
70 7
79 64
82 70
94 4
37 0
66 31
67 86
38 91
47 7
33 28
50 66
79 91
74 25
3 93
52 85
70 77
11 70
61 44
83 29
91 16
93 6
84 0
95 12
65 39
5 68
60 33
58 33
10 55
31 81
46 61
66 56
70 80
38 37
63 98
74 99
56 40
41 87
35 62
17 55
87 42
8 47
88 79
69 63
0 80
53 79
4 72
42 59
59 28
16 64
5 86
86 49
30 60
35 11
73 16
92 41
16 53
30 90
55 24
69 76
99 59
28 55
48 76
54 3
0 18
68 33
57 14
41 0
29 52
14 43
74 59
16 82
12 70
21 99
66 39
50 69
40 52
26 48
8 60
20 75
14 47
10 81
5 62
5 47
83 97
67 30
57 33
17 22
80 33
22 67
51 87
46 72
35 46
52 21
38 51
50 27
40 59
6 73
97 57
14 29
4 14
97 66
46 27
47 23
18 39
65 24
65 34
49 20
65 75
83 67
60 67
82 71
50 42
28 22
76 54
91 88
2 78
24 84
62 28
49 4
35 91
80 70
84 24
2 10
52 3
88 77
29 77
33 51
35 28
80 78
12 45
43 75
23 89
79 41
14 7
65 14
73 39
40 34
67 88
73 28
61 6
68 74
75 53
68 49
45 13
53 71
35 85
94 34
94 95
57 21
81 99
24 62
65 83
86 65
30 97
65 5
4 76
58 69
99 89
79 25
16 51
7 66
90 76
0 30
29 39
94 41
67 39
11 80
41 97
37 50
2 76
84 94
33 60
5 15
85 51
40 15
75 23
67 16
32 91
79 29
78 84
62 64
25 78
14 19
81 20
57 95
85 76
92 32
62 72
68 18
59 65
88 66
58 89
85 77
50 67
60 23
4 34
49 2
44 86
72 73
24 0
34 17
59 34
25 99
11 35
98 76
10 77
53 96
81 12
98 47
53 9
3 15
96 70
35 62
60 81
85 28
73 30
89 74
91 96
42 50
57 94
84 35
57 64
19 50
4 87
33 76
81 86
0 88
52 90
46 7
33 80
0 58
86 53
8 52
69 97
98 72
25 22
38 27
94 20
32 58
88 87
17 88
63 61
89 72
91 18
86 61
32 29
68 6
5 19
72 78
87 17
12 7
73 10
99 92
45 73
42 68
38 7
8 40
29 73
28 48
77 90
61 30
77 70
86 64
40 93
58 61
34 52
97 1
58 19
3 55
49 15
47 8
22 84
52 8
57 68
52 89
90 96
85 55
95 78
28 42
6 42
40 31
42 51
82 83
6 80
84 57
27 43
4 97
1 95
35 34
44 63
93 22
36 75
97 59
42 69
77 40
14 97
41 56
50 86
93 46
52 8
97 63
1 12
10 7
54 87
38 27
34 28
85 83
76 40
50 31
22 13
92 19
91 27
34 62
28 72
49 27
49 7
85 41
63 93
67 42
19 27
12 86
64 8
67 6
79 28
80 81
27 39
47 70
73 82
16 15
74 87
32 50
8 93
67 57
65 29
8 69
71 94
10 22
27 35
79 10
73 5
49 10
99 40
65 38
47 28
34 12
80 12
91 35
33 72
14 15
32 84
61 81
39 25
37 82
14 29
30 47
93 30
44 46
21 15
44 80
40 79
67 24
99 44
41 26
63 4
30 80
28 37
32 41
1 70
43 48
20 41
7 6
44 94
93 27
31 33
41 26
90 64
69 99
83 75
92 84
43 87
21 79
3 48
16 57
48 80
30 68
66 35
48 25
75 99
33 16
70 67
37 86
73 19
72 11
34 73
60 59
69 55
95 80
83 12
61 17
76 1
94 34
77 67
76 42
74 37
18 90
34 71
61 51
7 82
69 51
77 43
89 31
45 54
52 25
51 89
26 0
77 24
5 43
6 75
58 98
11 85
46 98
59 98
50 45
97 54
17 67
9 90
40 66
14 94
93 1
58 66
26 88
71 89
23 96
60 31
62 53
59 87
12 4
92 73
9 32
59 96
32 7
87 32
54 18
15 99
8 44
98 27
52 13
65 7
15 16
49 45
98 63
17 77
8 62
58 9
1 41
95 48
6 23
12 32
94 13
45 23
72 52
2 95
52 88
20 18
55 93
98 87
75 59
38 74
98 81
64 16
93 97
65 50
96 82
37 24
66 38
93 56
39 42
69 42
68 57
84 76
7 29
47 35
98 9
86 46
27 20
9 10
31 73
48 88
30 12
53 80
10 78
94 59
62 37
96 93
43 46
91 30
84 15
19 41
16 93
98 3
76 48
75 85
79 8
25 40
29 92
44 4
16 40
74 92
80 69
27 67
66 31
78 36
11 60
38 64
25 43
53 99
48 81
78 29
59 83
61 45
83 87
84 15
68 34
30 46
33 52
55 93
97 58
32 75
18 61
11 39
90 30
81 78
7 58
66 64
8 0
93 98
61 55
24 67
8 22
89 35
99 43
15 20
67 25
85 69
21 72
22 46
8 71
89 6
12 15
22 2
60 11
68 83
11 54
56 51
66 18
67 19
95 87
56 20
41 39
69 45
65 98
18 32
22 17
89 25
87 8
42 39
59 32
73 48
58 41
82 27
71 62
58 49
62 31
24 70
53 34
11 14
35 40
81 0
92 46
81 62
11 31
20 75
14 15
2 64
28 41
53 63
43 88
10 36
8 60
51 28
30 43
52 31
69 5
24 97
94 48
21 94
78 75
12 85
67 0
40 50
84 82
30 19
90 98
19 97
54 87
30 53
44 96
11 8
51 93
2 0
26 14
63 47
12 27
50 18
89 84
75 37
30 6
83 69
7 0
62 22
58 89
10 18
67 19
11 2
31 26
4 64
25 72
4 68
68 6
81 99
62 17
32 20
19 30
31 26
51 17
79 82
10 4
30 21
26 51
88 31
0 88
15 98
82 31
38 41
23 18
12 5
53 46
51 0
72 64
72 24
29 19
55 96
39 40
9 70
79 19
82 32
56 62
57 4
55 90
99 47
29 1
23 82
86 29
14 86
83 9
39 16
40 61
89 85
35 25
83 12
31 24
7 98
84 42
7 77
61 54
60 88
40 42
49 50
15 91
93 79
31 59
51 18
90 60
49 90
49 92
1 36
73 30
60 1
25 66
77 56
43 92
39 23
72 91
46 59
88 7
35 39
45 57
80 47
30 45
42 68
23 95
83 61
34 80
66 97
61 74
12 47
31 61
42 57
6 87
25 91
44 49
74 29
1 88
66 69
7 91
60 71
2 57
13 34
0 95
25 98
56 59
33 48
47 3
41 87
93 45
41 91
6 26
17 1
96 94
61 31
53 18
38 22
2 67
99 32
9 83
28 27
27 78
62 26
9 45
1 18
29 67
5 88
20 47
13 63
0 48
33 81
31 75
77 94
5 25
97 31
73 13
11 65
83 86
35 55
57 62
31 98
75 62
36 31
51 57
30 12
13 93
68 14
90 66
99 86
14 41
74 51
59 83
65 59
36 81
24 47
88 92
47 6
6 97
80 56
23 46
7 13
81 0
18 0
26 54
88 37
95 48
42 20
64 1
48 39
29 60
28 64
62 7
89 37
74 50
29 62
92 98
22 30
13 3
22 39
65 79
20 22
32 25
72 84
51 99
41 54
84 39
28 75
29 99
11 28
79 9
80 81
91 89
36 84
59 35
54 13
13 99
14 31
6 12
39 95
23 49
16 91
56 80
93 22
60 32
24 16
99 4
54 18
94 73
30 98
46 72
54 31
1 49
87 40
44 11
4 57
3 59
35 28
34 97
86 49
87 80
80 40
45 24
61 80
72 75
65 23
34 86
23 45
33 81
92 51
14 91
4 75
25 22
30 71
48 57
9 57
40 77
91 26
2 12
72 68
68 0
46 67
92 60
29 56
4 38
35 48
60 76
70 34
25 53
71 57
95 19
55 5
15 98
95 46
35 58
81 31
32 48
11 61
40 23
50 44
4 11
21 81
70 89
27 58
24 17
94 73
6 75
0 56
20 96
55 81
60 95
96 18
25 66
28 44
73 50
17 18
73 34
35 7
74 9
48 43
84 88
89 70
88 55
72 27
76 29
34 99
85 75
5 46
1 90
66 32
59 44
26 23
2 46
52 96
83 20
22 70
90 22
76 67
10 51
62 79
7 74
62 97
39 75
74 82
56 78
70 91
28 95
78 47
39 79
19 9
96 88
86 11
76 11
50 14
22 81
52 16
22 73
95 90
99 3
91 64
91 96
87 63
52 26
60 47
68 89
7 80
30 43
5 24
38 27
32 49
1 52
80 36
21 69
76 28
43 15
69 85
0 66
27 94
79 6
14 39
15 69
59 98
94 45
28 66
76 42
7 49
37 63
78 18
59 72
11 90
16 34
42 59
45 18
49 51
77 81
67 18
7 9
96 33
28 54
67 74
91 3
31 59
22 12
80 48
99 74
17 46
56 26
5 80
0 18
49 79
33 86
53 94
94 63
45 75
22 56
0 61
82 1
91 30
59 54
98 73
90 14
5 75
1 52
84 0
88 98
36 16
99 16
83 7
90 36
23 32
0 76
0 96
55 78
25 58
4 11
4 87
3 84
47 54
92 51
57 76
22 66
43 81
34 92
47 67
60 4
68 63
79 94
99 33
92 34
45 35
36 94
37 57
32 39
85 8
42 67
93 47
39 12
6 21
61 86
39 8
35 70
50 74
6 91
34 77
28 41
95 57
91 63
66 14
16 42
6 52
10 95
92 21
40 84
40 3
70 0
99 38
47 7
73 86
1 66
12 20
24 39
20 31
82 5
51 74
42 78
56 95
17 80
97 33
85 80
44 98
93 95
35 21
80 74
91 68
45 11
22 67
11 89
1 95
97 29
4 0
24 75
43 20
19 74
84 33
35 14
86 27
83 41
74 25
1 75
57 77
46 63
9 29
46 52
47 65
41 21
91 42
15 96
58 8
36 98
23 10
25 87
40 3
84 6
63 95
50 82
59 98
64 70
93 55
33 91
35 19
95 70
95 43
64 73
41 35
15 70
63 68
23 74
66 99
48 68
37 50
6 71
97 99
93 43
36 41
48 93
49 75
7 46
55 41
76 88
51 4
24 92
35 88
6 41
62 26
5 43
88 78
48 50
55 34
67 93
42 80
50 51
49 0
10 37
53 64
65 61
80 19
95 80
37 57
33 88
82 68
31 65
55 51
24 34
20 90
98 51
35 43
60 1
42 63
38 69
75 70
59 56
99 50
33 10
13 98
83 49
75 32
74 94
34 66
37 57
36 34
49 80
85 98
14 76
21 64
75 63
89 95
63 80
34 18
49 80
62 95
27 80
48 27
69 53
79 26
25 77
85 83
30 37
46 2
43 59
82 74
37 36
72 84
39 21
23 35
56 30
60 1
13 6
3 38
55 60
70 60
55 27
61 3
95 51
47 77
43 2
56 16
39 26
87 49
78 28
62 67
51 71
76 75
86 45
24 26
0 59
40 12
58 56
0 52
9 8
14 36
23 30
22 91
50 94
7 69
46 58
41 43
61 23
3 8
12 93
46 60
3 26
76 48
75 80
30 85
17 65
44 8
38 25
17 40
87 36
62 32
14 86
11 47
43 61
26 1
81 31
42 69
79 51
6 13
41 70
22 83
18 14
94 99
25 75
77 20
38 83
92 78
27 26
5 91
76 73
74 6
48 10
88 63
57 97
10 51
14 71
72 29
60 25
50 23
42 37
4 40
31 92
82 56
58 38
69 85
17 23
57 50
53 50
39 2
69 36
18 16
72 71
36 50
39 43
91 72
75 15
81 48
47 67
58 56
79 73
69 84
90 1
9 20
78 57
92 38
96 76
42 85
98 74
20 69
61 81
80 28
7 95
75 63
75 3
45 90
45 39
2 40
52 12
44 28
86 79
94 54
89 6
28 69
47 64
56 53
54 28
92 70
56 74
32 83
94 86
72 13
8 69
61 28
83 27
34 87
7 74
19 82
36 12
32 11
23 66
13 76
76 7
99 10
3 59
5 95
25 76
57 97
65 59
20 95
46 34
64 84
8 1
60 99
41 3
65 24
94 65
7 75
70 62
20 67
48 41
42 82
83 65
52 42
94 21
28 20
52 72
36 27
81 34
82 50
60 79
26 93
31 70
88 29
69 49
10 44
9 1
82 33
77 34
8 35
97 58
87 40
13 44
23 80
42 39
7 95
26 34
9 41
87 67
80 41
14 57
78 10
35 38
49 89
19 53
45 23
88 31
56 96
45 47
40 79
54 24
41 40
96 32
71 22
69 89
19 93
40 24
39 30
84 47
1 5
88 47
11 83
39 91
44 32
18 2
28 64
95 92
17 61
63 81
10 4
53 25
49 55
10 78
73 98
45 60
0 36
44 62
1 74
83 9
73 13
18 71
69 74
49 71
21 13
58 72
53 79
92 79
90 83
29 87
65 59
75 87
6 41
27 1
45 6
27 35
8 76
12 9
1 77
95 0
1 28
12 5
47 97
45 42
49 85
87 8
30 94
34 57
57 8
30 19
41 94
47 16
13 72
46 17
90 2
3 66
96 9
27 97
57 17
66 63
79 73
55 88
94 16
79 74
68 47
20 14
5 85
46 92
2 16
60 3
49 38
18 37
84 94
36 41
63 55
53 35
16 43
89 60
75 44
38 76
88 24
41 21
52 15
11 31
95 45
4 51
2 31
88 30
34 48
89 34
85 73
83 19
59 77
84 57
30 50
98 96
96 58
58 83
78 71
91 83
39 44
37 20
4 35
43 4
29 36
16 75
39 75
30 78
80 87
75 62
45 30
94 29
9 65
55 83
10 14
92 9
40 74
31 44
45 51
92 24
80 33
58 31
99 39
67 19
75 37
18 15
42 10
87 33
19 35
16 1
85 83
61 75
93 37
2 99
74 28
93 53
45 20
4 50
13 94
26 40
45 33
44 9
1 12
35 51
36 26
70 1
86 22
5 53
41 78
50 99
98 84
23 5
57 70
46 31
17 78
99 7
22 30
69 39
1 97
63 40
11 68
9 39
27 58
2 8
43 26
84 66
45 68
71 72
72 38
39 78
21 50
65 67
80 88
19 61
29 41
55 31
56 50
62 80
78 10
53 76
61 6
65 4
43 93
24 59
46 54
13 97
50 98
54 70
64 22
34 82
55 71
22 10
2 53
8 73
88 14
29 95
36 51
0 72
8 21
89 13
89 22
46 98
37 14
79 8
47 33
76 13
63 25
89 4
24 2
10 17
65 25
7 66
13 81
7 99
51 3
8 27
52 82
95 81
42 10
44 72
84 3
0 56
95 73
74 44
45 99
98 10
92 51
92 48
12 99
52 85
11 42
21 29
2 63
0 5
52 19
25 90
36 89
93 60
43 1
80 20
71 11
79 83
0 35
50 77
43 39
56 49
79 10
58 43
26 86
43 72
74 61
81 74
80 75
55 68
74 27
63 4
58 65
25 52
94 57
37 48
58 67
13 18
62 67
84 27
48 77
5 75
89 18
15 54
45 85
13 64
47 71
14 46
42 85
67 99
34 18
53 83
85 23
95 99
96 61
79 72
84 1
70 20
98 75
79 92
83 96
98 25
14 54
91 25
29 92
4 68
51 99
23 6
56 39
16 5
91 55
50 54
94 23
0 78
6 61
31 35
38 83
75 10
74 25
31 43
78 52
6 92
60 62
45 6
10 94
56 59
33 64
48 11
4 39
72 82
40 0
15 42
78 82
44 10
74 78
75 14
15 32
65 77
2 48
29 57
82 58
22 58
39 5
2 86
57 10
4 36
51 58
58 57
81 50
1 18
12 64
91 53
22 32
8 23
70 8
34 53
19 67
59 62
37 67
54 19
92 45
33 40
70 63
2 26
54 38
48 96
70 20
64 6
89 19
70 51
35 51
6 40
62 46
34 49
59 71
95 21
68 87
35 37
46 82
49 12
79 43
18 19
64 22
91 68
65 55
18 59
86 72
9 69
12 84
59 3
48 15
42 90
71 27
11 79
91 12
79 21
47 29
76 36
5 47
86 68
83 80
62 49
56 58
69 39
16 98
51 72
54 79
37 63
52 71
74 66
80 41
10 70
55 88
43 24
37 0
95 81
70 14
4 87
14 12
43 63
3 30
10 94
66 11
71 10
92 35
13 43
71 51
44 55
34 50
41 88
60 40
13 43
19 90
38 45
16 61
36 17
4 80
26 68
23 84
56 31
49 75
20 78
7 30
58 97
51 36
94 25
67 82
63 28
57 56
36 40
69 7
1 9
16 62
63 19
43 31
68 62
60 85
12 58
60 52
56 4
66 11
41 30
62 16
93 96
46 27
70 71
78 39
16 82
9 12
34 99
45 77
3 97
3 61
84 36
80 21
83 92
21 98
20 17
11 99
90 56
67 56
92 64
40 24
64 83
10 30
61 41
83 27
35 10
48 65
8 11
49 70
86 79
92 39
78 44
32 28
27 2
64 41
43 58
83 95
19 30
10 73
55 94
2 19
77 86
99 43
96 92
88 58
65 74
1 77
77 47
10 40
29 89
0 35
88 65
73 98
85 48
18 89
58 88
10 68
45 18
91 40
87 36
68 26
77 99
19 14
95 25
12 82
42 64
99 76
17 63
98 47
55 51
96 27
12 20
88 34
28 8
46 61
44 46
93 68
58 66
16 9
40 76
88 37
76 46
78 11
92 0
66 60
88 17
87 95
19 75
13 57
85 15
94 43
96 42
7 27
31 55
94 67
98 51
14 29
66 35
48 74
19 26
61 41
47 11
3 1
5 54
48 69
88 9
24 57
91 86
83 43
94 27
30 16
36 37
86 84
44 75
10 75
78 63
46 77
93 66
65 72
97 35
37 41
71 14
81 34
89 72
65 37
9 14
20 9
12 2
50 87
2 81
20 57
77 10
47 63
88 35
35 16
72 14
35 6
97 64
86 68
54 60
36 4
49 30
42 69
72 26
33 46
16 67
56 78
34 39
74 23
9 11
51 50
89 20
0 72
23 46
86 98
53 18
51 69
75 90
36 81
53 69
63 41
91 1
39 81
33 95
45 74
47 51
45 3
44 41
57 53
78 97
2 77
55 2
53 99
77 72
90 38
95 39
50 6
30 56
7 86
13 56
45 29
95 62
37 34
36 49
72 30
69 96
80 45
93 15
0 52
32 27
87 10
98 79
5 22
83 46
95 71
3 8
48 18
1 50
38 4
12 71
28 85
43 18
14 31
84 12
42 91
2 42
72 35
79 70
1 17
77 0
12 89
81 86
7 9
15 95
93 34
22 73
59 80
19 1
58 29
52 11
32 15
4 90
73 49
67 87
34 24
10 35
36 90
74 59
63 91
61 67
66 73
93 79
28 61
75 6
54 90
62 25
93 90
49 69
61 12
13 46
94 9
48 46
30 77
71 72
24 65
29 51
31 84
50 83
8 55
18 38
61 72
70 65
74 8
13 35
83 35
44 91
90 66
68 74
69 56
70 18
30 62
54 31
43 80
51 81
18 69
12 62
89 54
5 55
21 58
18 46
54 3
90 85
26 12
38 91
34 36
54 33
2 77
82 12
24 52
82 22
66 13
89 99
2 6
24 60
30 54
89 88
51 90
18 64
22 50
15 75
34 53
99 24
99 70
93 0
51 6
8 81
78 0
94 83
43 91
28 89
59 12
53 46
13 43
56 72
74 68
46 29
86 65
10 21
91 53
56 96
85 98
32 13
31 46
93 38
41 88
43 26
72 46
49 12
84 76
87 59
23 11
22 58
85 5
69 62
3 83
52 69
60 53
15 63
49 67
21 0
81 2
67 5
35 5
73 51
78 35
11 62
89 50
54 73
17 8
64 3
45 48
15 46
23 22
35 51
14 30
7 27
93 44
44 0
85 75
84 39
58 81
81 13
20 24
29 31
73 34
41 51
75 24
29 13
86 14
34 85
61 76
30 89
52 82
14 59
93 38
55 0
5 51
97 27
67 3
27 9
29 48
54 88
36 27
56 71
20 29
56 30
65 66
65 89
2 78
15 99
50 77
12 55
74 2
65 59
6 67
79 72
9 65
7 12
54 2
43 42
67 24
52 21
47 35
27 64
32 1
23 44
76 93
26 85
36 90
35 72
37 61
85 91
24 94
39 34
55 49
19 8
71 72
51 31
76 10
36 52
78 61
95 55
57 94
91 11
24 9
15 74
25 75
57 94
74 54
84 69
57 16
42 79
19 45
6 60
2 19
76 22
44 96
36 65
40 14
22 32
3 5
86 64
76 88
54 22
49 54
85 37
75 57
72 16
66 56
0 59
34 8
72 77
81 12
72 46
29 13
8 73
48 85
69 43
20 35
17 61
6 62
23 3
17 70
46 75
87 67
17 19
19 99
22 17
31 65
67 20
55 73
30 73
5 84
31 53
32 51
33 15
23 9
66 7
20 57
63 57
45 61
80 59
84 35
37 23
96 21
82 51
76 29
74 34
70 58
69 96
15 69
18 95
42 73
22 46
48 27
47 41
36 58
82 65
41 97
38 80
25 30
23 43
30 56
8 93
19 53
40 26
21 20
31 38
37 21
91 84
14 90
61 9
6 36
89 67
26 53
77 7
55 58
37 34
79 26
40 44
46 79
86 35
31 13
11 60
3 22
97 18
66 69
3 35
58 99
35 90
98 48
86 67
58 40
24 65
93 55
58 47
57 94
12 94
4 16
6 11
50 17
48 87
64 16
3 13
81 92
43 8
44 33
84 45
91 85
0 78
35 74
11 59
81 21
13 16
88 48
50 77
15 41
62 99
9 29
31 77
94 63
51 84
97 26
88 1
48 11
77 9
29 90
93 62
85 74
57 74
15 30
64 68
71 80
61 46
31 34
92 16
32 2
1 23
67 40
75 65
92 47
41 20
64 91
67 58
81 94
1 41
49 93
3 33
48 60
16 82
63 32
9 51
3 72
12 49
46 75
5 62
76 24
31 1
59 46
52 63
23 66
29 56
79 31
51 63
80 76
56 97
65 8
63 30
46 90
28 91
75 21
34 26
40 63
25 74
76 52
64 66
69 55
76 66
9 39
16 65
24 86
91 36
54 32
79 15
16 56
63 94
20 75
55 43
58 28
59 48
98 47
11 98
57 80
59 38
77 63
83 56
79 23
2 53
48 5
73 48
80 91
8 9
49 43
86 1
99 91
76 86
51 71
32 55
18 3
47 53
5 88
2 21
18 50
6 78
55 25
96 62
2 17
81 43
75 44
52 97
31 68
22 66
24 41
86 26
40 24
70 90
13 80
67 74
57 2
63 68
3 90
89 25
61 5
4 47
26 32
93 83
44 50
64 97
77 65
33 90
46 39
28 85
10 85
13 29
15 11
81 45
33 13
40 44
50 81
20 46
46 60
54 30
50 26
93 98
47 33
57 72
69 2
9 42
79 17
25 37
26 65
0 89
7 61
94 85
43 50
71 90
71 84
61 88
31 93
56 3
42 20
25 4
35 93
88 86
20 96
35 62
42 0
64 19
59 16
58 89
70 85
38 48
8 21
39 21
61 85
74 88
4 73
64 55
30 79
39 43
17 54
75 63
54 33
60 75
96 29
31 95
56 53
23 24
63 40
98 80
11 19
71 72
42 4
29 26
44 3
59 14
70 77
36 89
22 26
78 19
1 60
70 57
24 95
32 54
2 44
63 23
95 19
99 86
47 90
88 68
45 57
59 81
19 4
48 29
41 29
27 13
81 51
21 32
37 91
18 70
41 83
38 20
71 50
0 42
53 51
64 22
76 63
67 18
37 71
52 25
70 60
17 28
46 59
85 7
58 55
82 32
40 17
67 54
58 4
4 46
42 76
64 50
99 92
4 21
88 49
51 56
94 18
79 17
53 62
46 27
22 40
97 3
31 17
17 15
94 92
30 6
7 39
59 1
63 50
25 54
30 56
46 41
18 70
10 25
46 16
17 29
84 11
69 47
77 60
73 79
90 51
72 67
6 13
83 96
94 20
48 15
25 98
13 68
33 50
18 64
44 33
41 70
10 51
7 77
67 30
78 79
30 64
70 18
66 15
83 73
23 34
21 89
47 64
79 6
87 69
9 93
3 70
92 12
48 33
37 17
6 88
87 37
65 46
41 48
41 40
33 4
4 53
19 44
47 89
32 91
71 98
85 13
93 4
28 12
19 7
3 84
9 3
12 54
73 95
48 56
14 75
46 19
44 20
73 9
31 45
75 6
39 13
49 20
39 57
98 57
46 64
21 66
36 63
33 24
52 46
17 15
75 56
84 93
58 19
0 21
59 31
48 64
91 38
82 15
71 14
13 45
85 50
77 13
20 29
19 17
4 10
45 51
8 44
85 97
33 5
23 19
39 49
52 3
31 74
42 38
66 19
21 12
69 31
90 18
42 54
44 8
58 48
10 66
21 9
71 13
64 53
43 98
43 18
46 0
99 64
48 73
33 11
82 99
88 18
63 7
92 9
92 43
85 70
28 53
96 34
29 82
49 6
39 65
68 65
72 60
52 73
62 44
88 33
1 25
72 80
84 55
91 80
27 20
34 89
22 47
52 45
49 0
32 6
37 88
1 43
33 13
58 20
40 7
28 34
29 33
94 18
57 22
20 22
28 77
52 63
57 5
3 80
13 98
88 94
99 88
58 53
30 70
66 55
2 21
82 63
53 88
35 46
20 76
1 80
91 77
26 85
22 76
97 15
49 76
26 96
35 72
11 67
83 24
27 30
28 36
37 66
75 66
8 70
69 51
74 81
42 36
74 98
34 81
16 7
78 3
74 14
30 85
27 6
73 16
89 12
61 1
52 76
69 92
10 60
63 76
50 86
37 80
24 81
51 95
31 73
45 63
17 48
60 49
25 11
39 46
85 22
8 91
50 98
21 94
14 32
50 31
89 12
2 1
32 60
45 9
24 89
49 4
50 34
75 5
87 9
31 84
96 97
24 65
87 6
74 94
32 71
69 48
83 15
9 75
61 21
84 57
90 68
82 83
69 44
6 84
50 91
23 96
39 35
66 59
16 21
89 51
91 46
14 29
74 38
7 38
27 75
8 7
67 41
32 10
9 19
23 16
0 86
60 45
24 38
77 81
93 99
14 82
83 47
8 99
15 57
48 91
13 34
78 35
64 24
3 77
72 57
8 62
84 99
72 43
15 87
77 88
67 14
70 13
60 51
70 1
44 43
95 25
97 35
64 52
68 39
86 82
95 85
95 53
8 17
26 34
11 48
36 29
86 28
95 87
84 45
80 18
7 64
30 1
15 5
94 80
94 77
9 40
61 72
21 53
37 12
97 24
46 17
27 26
31 69
6 22
20 10
16 5
32 95
12 4
18 41
18 12
28 45
45 6
49 32
42 58
49 0
6 43
58 45
78 13
35 16
97 9
20 14
54 93
17 65
46 11
12 36
75 83
64 39
31 88
79 82
99 63
37 60
14 25
8 6
98 43
77 36
6 15
93 9
82 24
60 7
98 8
31 68
79 17
25 16
15 17
13 33
24 62
85 41
89 39
32 56
27 71
94 25
12 1
74 79
70 28
14 92
23 56
23 39
27 74
61 72
58 0
58 74
35 34
88 36
93 90
38 2
94 35
0 96
91 12
12 31
32 25
4 39
17 73
3 4
9 47
64 89
35 29
48 32
18 28
28 54
50 69
85 76
83 93
35 96
99 22
29 59
58 2
76 18
58 78
26 36
59 4
59 31
64 60
37 58
68 96
61 36
71 92
82 68
10 73
99 8
89 60
4 81
25 55
20 74
50 62
44 69
71 57
92 25
56 50
99 8
15 12
66 17
94 36
13 62
72 1
45 16
43 96
11 55
18 99
58 92
67 91
57 58
1 9
80 78
98 14
46 73
50 98
5 80
95 47
71 63
1 69
55 38
49 8
17 62
27 53
45 89
34 6
55 88
40 85
2 77
99 74
72 25
42 61
16 68
65 79
55 97
19 27
59 22
80 37
17 9
96 8
19 53
43 71
86 14
13 90
66 83
6 22
41 69
65 15
86 1
78 83
14 40
83 64
2 16
96 64
55 87
39 53
33 57
23 94
5 58
12 74
30 36
17 27
88 19
19 51
3 33
96 90
17 53
31 47
2 89
28 60
15 69
30 83
23 58
33 3
19 64
14 20
88 44
50 6
78 6
10 59
75 91
75 67
18 36
70 60
38 50
65 51
88 65
10 85
65 34
58 50
78 91
78 40
38 90
40 69
34 0
83 0
63 20
65 8
44 50
7 53
85 53
67 3
64 37
78 38
75 97
11 81
89 63
30 27
28 17
87 50
41 91
64 61
80 83
56 38
49 56
69 79
41 20
90 39
23 24
93 50
53 59
53 92
44 13
73 2
39 95
10 62
42 15
78 30
33 88
80 92
62 74
53 54
28 37
64 61
16 32
31 91
15 38
95 76
97 73
55 19
85 60
92 62
88 44
78 2
6 21
70 43
68 62
66 0
81 95
59 19
6 32
62 20
97 7
83 42
35 65
44 12
62 86
60 44
66 40
53 23
61 14
67 95
17 70
84 34
22 85
42 57
83 58
73 19
6 56
67 17
40 8
11 66
66 37
35 91
88 29
77 65
49 70
69 53
85 89
13 47
65 32
15 69
0 14
54 24
28 19
61 89
42 89
48 52
48 64
13 28
87 34
29 53
3 92
34 63
23 27
4 57
92 96
80 67
69 59
32 92
64 65
55 89
62 85
92 49
52 78
60 16
54 83
22 70
81 0
13 52
5 79
82 59
26 79
95 45
69 28
1 26
31 40
2 20
32 85
52 99
68 64
72 87
36 91
11 42
94 83
12 33
15 58
62 99
32 90
37 22
24 55
92 1
85 90
98 40
32 87
25 70
21 89
65 57
6 60
52 23
37 35
90 61
87 5
42 64
94 87
97 60
78 39
62 54
82 62
26 75
94 25
43 13
23 87
11 10
90 24
96 57
11 58
39 11
53 10
48 7
38 90
65 42
52 27
62 10
25 39
60 77
87 2
10 9
80 86
34 30
65 0
57 4
60 62
21 86
21 11
98 7
57 9
99 13
48 13
0 59
83 28
51 92
91 45
47 87
25 53
8 40
11 57
2 88
8 91
7 87
33 70
21 90
58 83
22 80
56 76
40 36
68 80
3 73
34 55
69 45
33 90
55 0
60 52
88 49
72 94
27 18
24 0
21 42
49 16
90 5
21 31
19 34
35 65
32 89
67 42
41 76
0 90
9 21
53 1
82 41
55 51
30 17
41 57
60 58
98 76
76 73
16 28
56 62
98 96
24 41
71 80
71 40
8 11
48 66
53 23
77 46
88 3
23 35
14 54
86 14
84 43
99 66
97 19
12 46
44 91
8 32
18 38
44 19
38 61
43 89
21 48
81 33
5 27
3 29
84 17
81 29
57 71
71 37
31 32
68 43
91 81
7 73
3 90
34 6
0 46
16 64
15 53
64 70
89 42
73 1
39 12
99 34
48 82
43 20
83 65
28 13
10 7
48 59
2 84
95 4
27 53
52 67
3 25
26 4
62 44
55 23
42 10
12 49
66 78
9 40
14 97
11 64
84 91
54 31
94 46
6 95
27 81
39 42
12 32
7 28
14 99
16 50
13 55
62 72
19 8
41 4
69 20
54 49
71 47
66 55
39 55
91 67
64 13
67 8
55 74
4 92
85 64
12 38
62 25
76 41
64 31
66 80
79 32
82 20
76 90
83 15
40 64
6 66
55 27
23 60
54 74
51 48
22 65
89 52
44 27
48 61
57 24
73 64
17 53
62 87
99 24
24 91
48 74
88 73
7 45
72 31
3 64
73 89
25 89
62 20
14 0
43 13
79 37
77 94
91 13
59 67
48 75
31 3
38 18
10 71
16 19
34 71
34 43
57 24
82 12
27 78
35 31
82 21
86 59
48 51
98 71
45 91
6 28
23 38
7 53
13 98
64 69
46 26
46 99
15 76
29 63
56 59
63 67
38 95
21 19
10 43
74 69
16 99
36 62
2 11
21 7
34 86
73 5
34 22
3 92
98 3
18 46
70 49
52 4
7 46
67 83
88 65
9 75
38 25
61 97
38 35
38 2
59 84
6 24
86 54
37 11
51 25
40 82
61 12
62 7
97 30
57 0
68 2
83 77
30 19
12 33
75 68
36 1
61 19
39 97
79 29
36 5
11 76
28 11
7 63
21 91
13 99
12 57
22 21
65 45
73 67
87 75
56 97
28 1
77 26
71 17
0 11
6 40
7 81
24 93
11 81
26 67
33 4
63 81
89 73
22 14
5 66
39 48
71 63
79 38
81 60
1 93
3 71
98 85
28 20
99 9
2 96
59 30
84 9
15 2
41 12
53 51
48 45
61 32
43 11
25 37
53 10
60 37
4 98
54 40
76 65
5 74
45 14
12 54
63 72
21 85
77 14
84 30
47 62
37 78
38 45
46 59
5 36
80 16
61 67
22 0
64 6
4 38
31 48
53 31
14 94
23 99
7 52
70 46
21 61
10 45
64 19
93 52
16 78
7 94
96 97
73 92
35 91
10 66
16 10
9 12
85 0
94 68
74 32
28 17
6 87
4 44
61 11
34 25
43 47
23 61
52 81
69 28
22 21
75 55
19 75
70 34
81 40
53 8
18 5
96 55
85 62
62 56
29 97
92 55
84 97
66 70
80 82
73 97
48 87
52 32
44 39
72 22
80 62
76 2
44 78
7 47
20 73
25 98
63 6
41 97
44 15
70 96
75 96
44 15
68 80
62 77
24 3
3 87
64 87
94 5
78 51
86 97
95 54
46 89
64 75
21 59
76 64
42 40
67 78
7 32
73 12
9 86
44 9
30 31
69 12
82 99
8 43
42 89
82 4
66 79
34 7
60 18
89 10
17 25
67 4
46 7
97 33
8 40
88 69
62 78
63 35
75 59
91 85
40 8
83 65
78 6
4 31
36 22
96 97
39 92
49 80
91 98
65 36
93 63
62 41
46 50
59 48
39 29
6 32
85 40
16 72
53 47
45 8
55 45
23 2
65 61
52 84
35 71
66 46
12 70
14 54
92 66
83 38
8 53
13 81
97 5
95 89
93 34
87 88
41 65
19 3
37 79
98 46
80 99
11 31
41 5
39 80
53 74
10 8
48 89
59 96
66 44
47 2
56 41
24 89
45 31
73 4
63 60
48 37
69 35
58 97
24 40
28 14
50 48
4 7
6 88
84 73
64 55
12 93
47 50
84 67
30 64
25 7
70 6
14 5
10 88
15 89
1 43
48 72
56 67
59 65
79 36
99 59
4 8
14 5
35 67
9 69
74 43
52 45
71 74
19 43
34 29
28 91
57 66
11 96
38 58
1 15
76 4
36 46
43 2
40 37
81 25
23 25
17 8
33 71
23 84
23 53
97 90
6 27
56 12
26 78
62 69
87 76
13 86
72 56
19 93
8 34
19 38
47 85
39 13
8 9
88 33
11 13
91 53
48 28
8 14
87 45
38 73
88 86
90 64
23 80
25 22
94 71
21 44
47 72
83 40
45 72
21 57
79 5
21 94
86 14
62 11
85 86
28 12
78 10
52 68
27 73
87 34
83 72
75 89
49 24
21 60
59 6
53 22
26 32
3 78
88 99
25 19
97 80
39 5
7 88
51 47
44 34
20 66
47 57
83 87
99 13
66 27
25 58
52 71
88 72
66 36
62 39
99 45
16 49
73 2
42 24
89 31
57 94
59 37
36 24
66 54
14 17
77 71
69 71
27 90
81 4
18 60
93 28
23 0
28 2
98 67
20 99
85 52
48 84
47 30
67 14
41 96
51 37
43 7
58 55
86 76
66 40
64 19
99 56
66 61
37 75
95 12
65 71
84 68
24 84
49 32
10 19
42 67
92 10
80 0
85 96
52 36
37 77
29 12
2 10
29 43
19 88
6 80
93 97
43 51
65 81
34 2
77 85
67 62
84 26
65 82
80 34
17 78
48 96
37 55
99 82
22 83
58 63
93 31
89 60
19 53
98 47
74 20
11 84
79 21
89 62
45 57
20 14
65 59
13 57
17 21
60 81
85 43
69 87
38 59
4 14
42 21
18 30
94 67
93 19
34 57
56 74
88 58
76 75
45 6
23 34
30 65
6 90
12 64
56 43
44 95
86 28
99 8
6 56
62 50
71 89
78 26
6 41
32 39
5 20
42 94
7 17
39 45
55 35
94 50
81 30
91 11
87 35
27 90
16 85
38 59
14 72
86 25
44 31
14 80
58 60
93 75
92 19
12 27
41 26
19 85
41 28
92 76
44 66
49 42
11 84
12 30
77 43
41 59
8 52
32 0
19 0
99 35
65 93
84 64
67 26
47 7
51 92
76 15
20 60
62 72
26 13
44 52
56 99
4 78
31 97
4 55
95 41
49 97
91 81
27 44
27 44
34 84
89 86
83 12
89 55
65 48
66 35
3 57
94 44
86 73
47 29
19 61
10 75
84 63
11 36
59 98
41 54
94 60
60 89
82 28
87 82
78 5
0 64
51 73
19 28
8 52
91 61
50 33
49 56
84 69
90 79
4 12
77 21
5 94
8 60
74 45
6 95
8 1
26 14
22 52
3 27
67 33
44 22
0 86
17 83
87 89
29 46
62 64
16 14
37 36
92 76
33 12
29 60
25 63
0 14
15 83
24 63
65 98
26 78
94 68
10 78
55 12
89 45
63 11
2 89
52 80
36 94
72 66
75 41
94 7
75 98
7 2
63 34
53 62
78 23
64 18
37 83
17 54
65 13
53 22
39 98
44 71
80 43
88 6
86 76
38 28
74 39
2 56
95 15
6 90
55 5
72 77
10 5
95 66
11 63
31 40
54 14
78 3
32 82
73 95
53 36
24 13
68 35
14 20
67 18
62 54
15 84
12 52
3 13
47 3
46 75
23 74
54 56
54 17
59 22
8 10
16 46
55 82
29 92
71 85
74 47
32 56
98 50
13 55
21 79
29 64
4 28
51 22
11 3
46 90
11 42
54 85
33 25
68 58
97 7
49 23
84 44
53 37
97 72
14 90
47 74
4 98
9 23
49 31
56 80
35 53
3 94
33 7
14 42
87 50
11 83
95 17
0 23
73 83
20 94
57 35
74 81
53 11
30 16
87 0
45 63
21 33
41 82
58 92
95 69
61 19
44 90
31 74
49 59
16 71
59 91
40 46
83 37
57 50
28 45
32 22
53 80
74 91
1 98
66 78
6 27
31 29
41 43
94 51
38 49
7 16
77 0
30 52
81 8
2 20
66 68
73 13
73 22
55 23
16 60
76 48
59 46
8 76
31 15
5 80
14 12
40 59
78 6
17 45
94 46
50 88
31 12
0 49
8 35
86 16
27 11
27 34
77 56
19 26
73 6
92 16
28 42
24 45
1 61
76 19
60 43
62 37
85 35
43 51
37 99
5 25
45 46
90 4
56 30
32 97
12 30
53 96
89 41
44 98
26 27
69 21
5 32
52 34
20 67
85 60
14 89
65 0
60 63
70 0
7 98
38 99
48 67
77 10
63 82
14 12
18 91
85 0
43 46
64 78
40 97
57 42
87 90
30 3
96 88
31 92
25 1
54 40
29 5
95 68
94 77
