300
0
1
2
3
4
5
6
7
8
9
10
11
12
13
14
15
16
17
18
19
20
21
22
23
24
25
26
27
28
29
30
31
32
33
34
35
36
37
38
39
40
41
42
43
44
45
46
47
48
49
50
51
52
53
54
55
56
57
58
59
60
61
62
63
64
65
66
67
68
69
70
71
72
73
74
75
76
77
78
79
80
81
82
83
84
85
86
87
88
89
90
91
92
93
94
95
96
97
98
99
100
101
102
103
104
105
106
107
108
109
110
111
112
113
114
115
116
117
118
119
120
121
122
123
124
125
126
127
128
129
130
131
132
133
134
135
136
137
138
139
140
141
142
143
144
145
146
147
148
149
150
151
152
153
154
155
156
157
158
159
160
161
162
163
164
165
166
167
168
169
170
171
172
173
174
175
176
177
178
179
180
181
182
183
184
185
186
187
188
189
190
191
192
193
194
195
196
197
198
199
200
201
202
203
204
205
206
207
208
209
210
211
212
213
214
215
216
217
218
219
220
221
222
223
224
225
226
227
228
229
230
231
232
233
234
235
236
237
238
239
240
241
242
243
244
245
246
247
248
249
250
251
252
253
254
255
256
257
258
259
260
261
262
263
264
265
266
267
268
269
270
271
272
273
274
275
276
277
278
279
280
281
282
283
284
285
286
287
288
289
290
291
292
293
294
295
296
297
298
299
100
33 258
256 291
290 20
2 183
25 273
257 97
186 107
110 72
128 22
148 297
293 7
39 89
204 284
176 152
72 13
216 185
121 265
238 245
183 95
35 96
207 238
280 186
272 49
84 276
203 297
215 17
294 239
188 140
249 205
8 148
187 284
154 111
289 198
270 9
204 29
36 139
112 76
191 4
60 86
169 142
224 181
210 212
190 70
141 196
269 21
164 182
69 52
279 23
93 260
63 25
200 137
196 260
186 180
295 63
206 54
69 162
109 64
292 113
146 264
30 212
40 7
122 149
132 133
204 31
167 268
226 106
32 194
107 237
15 198
193 188
100 108
65 199
180 237
116 171
1 198
147 87
150 178
155 7
184 52
14 135
132 199
197 257
298 248
138 96
66 71
77 195
273 6
149 221
120 101
191 46
200 2
135 88
277 14
56 123
229 39
88 100
199 238
219 249
150 190
40 161
