300
0
1
2
3
4
5
6
7
8
9
10
11
12
13
14
15
16
17
18
19
20
21
22
23
24
25
26
27
28
29
30
31
32
33
34
35
36
37
38
39
40
41
42
43
44
45
46
47
48
49
50
51
52
53
54
55
56
57
58
59
60
61
62
63
64
65
66
67
68
69
70
71
72
73
74
75
76
77
78
79
80
81
82
83
84
85
86
87
88
89
90
91
92
93
94
95
96
97
98
99
100
101
102
103
104
105
106
107
108
109
110
111
112
113
114
115
116
117
118
119
120
121
122
123
124
125
126
127
128
129
130
131
132
133
134
135
136
137
138
139
140
141
142
143
144
145
146
147
148
149
150
151
152
153
154
155
156
157
158
159
160
161
162
163
164
165
166
167
168
169
170
171
172
173
174
175
176
177
178
179
180
181
182
183
184
185
186
187
188
189
190
191
192
193
194
195
196
197
198
199
200
201
202
203
204
205
206
207
208
209
210
211
212
213
214
215
216
217
218
219
220
221
222
223
224
225
226
227
228
229
230
231
232
233
234
235
236
237
238
239
240
241
242
243
244
245
246
247
248
249
250
251
252
253
254
255
256
257
258
259
260
261
262
263
264
265
266
267
268
269
270
271
272
273
274
275
276
277
278
279
280
281
282
283
284
285
286
287
288
289
290
291
292
293
294
295
296
297
298
299
3000
31 245
159 115
232 163
1 284
76 117
245 160
220 125
29 37
222 274
17 216
149 26
209 24
98 280
157 11
112 213
291 92
166 53
129 193
36 192
152 164
257 91
197 200
272 119
278 285
18 201
94 208
296 202
221 234
101 140
72 92
161 131
178 38
22 173
243 46
235 126
90 160
81 92
223 87
27 97
28 104
234 143
150 216
60 13
107 30
85 79
185 239
187 170
105 8
257 114
228 298
253 257
190 67
129 95
9 119
144 121
35 53
204 296
268 58
166 49
131 53
72 11
221 204
162 175
201 126
172 54
251 176
34 281
70 160
5 144
142 80
61 217
108 197
110 75
10 194
43 79
57 245
252 259
263 215
66 112
116 180
178 27
144 220
225 109
44 99
71 19
227 156
22 219
101 103
8 231
161 193
152 243
231 246
103 60
9 165
20 164
62 180
45 47
104 19
298 230
298 199
220 286
284 196
276 46
99 138
198 232
177 271
126 120
119 217
282 105
126 256
152 89
99 166
228 236
195 95
113 17
149 66
124 42
118 194
251 239
217 145
150 79
150 92
253 252
278 98
35 64
124 144
254 161
197 80
85 102
234 106
205 145
225 294
188 280
44 103
25 8
222 83
46 15
144 88
135 52
36 193
275 6
1 235
179 110
257 201
196 241
44 278
238 129
132 140
252 89
166 46
147 65
54 90
190 35
6 206
82 264
99 146
70 54
156 136
31 262
96 11
32 105
190 238
16 77
139 77
1 238
297 126
38 174
90 104
297 47
68 218
299 259
293 163
0 105
192 110
218 84
108 4
49 213
22 214
298 160
289 48
93 73
106 204
85 70
136 9
146 269
281 156
205 149
203 162
92 201
139 54
171 100
61 209
2 298
142 266
41 108
234 215
61 111
268 157
231 156
225 9
265 106
80 104
28 132
210 0
277 51
190 245
144 22
280 180
21 227
68 252
55 160
241 116
86 15
257 84
84 132
130 282
200 178
36 157
19 111
39 217
2 215
248 170
133 268
44 238
84 156
210 207
19 126
10 3
152 58
68 127
241 204
60 42
4 27
267 121
112 206
146 259
127 106
61 144
127 116
133 168
112 102
45 73
124 23
234 75
27 82
207 26
206 198
65 236
82 15
158 120
166 12
75 279
45 122
229 102
179 128
157 172
64 133
276 9
23 26
66 198
19 134
246 24
272 206
146 125
37 25
158 163
244 17
4 3
60 73
267 181
117 255
227 69
137 96
18 31
251 195
9 176
165 275
35 283
19 58
109 42
84 31
141 48
183 215
207 193
43 185
223 146
45 17
87 72
269 52
232 237
286 282
77 122
208 177
153 100
27 212
187 177
56 83
96 280
293 259
37 67
281 247
50 99
47 220
152 141
235 96
119 148
194 123
85 148
218 92
4 175
87 9
8 85
123 94
230 168
8 99
5 98
157 17
166 129
215 286
152 98
73 26
206 83
284 35
160 132
104 267
134 34
245 135
294 180
143 122
61 152
181 93
85 15
90 203
228 78
252 270
30 37
197 32
31 79
171 275
18 193
183 197
159 101
114 128
288 176
89 11
53 152
116 223
122 12
124 94
171 1
36 214
112 5
81 27
11 15
69 163
242 263
177 13
75 32
13 283
213 159
202 292
220 15
76 262
25 87
138 171
78 140
95 165
260 277
53 181
259 153
104 268
89 207
151 170
136 267
280 277
174 242
257 85
103 246
77 296
75 237
261 235
206 14
40 76
292 289
67 211
160 169
78 276
229 208
64 117
288 261
46 213
167 225
231 119
7 161
200 82
107 36
168 48
159 115
141 2
186 152
22 40
151 232
211 296
88 124
96 284
286 11
26 53
62 271
37 211
290 155
147 94
25 158
58 12
262 243
284 23
293 249
66 282
167 123
60 137
114 54
74 95
34 273
246 25
54 14
68 237
262 99
198 190
246 54
240 291
218 237
176 41
115 44
185 238
97 294
137 145
108 223
142 198
218 256
246 109
74 10
208 83
69 82
193 138
147 209
92 198
83 174
70 69
0 208
78 54
71 205
181 244
91 92
97 32
74 48
76 47
298 115
262 130
269 177
155 266
174 277
186 111
100 187
246 285
129 278
34 177
39 88
88 118
186 154
268 21
3 51
175 200
232 189
71 140
112 13
61 285
197 245
208 125
298 16
295 68
186 110
205 201
18 249
32 3
62 91
12 0
229 278
239 266
276 205
64 108
129 263
40 46
73 191
2 81
182 295
60 45
239 274
244 5
87 4
237 250
289 100
88 160
142 34
224 129
135 51
209 275
192 171
125 45
267 7
17 105
66 113
53 49
87 183
283 3
279 128
238 98
65 172
49 187
287 264
244 31
16 208
148 103
269 170
88 228
131 42
46 118
241 200
283 133
214 241
54 80
292 10
20 114
79 281
68 204
185 293
34 19
123 9
136 68
189 34
89 93
250 239
250 189
130 297
114 111
153 260
36 108
97 252
278 19
24 53
178 90
141 266
124 186
161 173
201 286
290 285
133 85
76 42
299 277
249 209
222 294
268 68
149 265
22 65
52 213
101 243
173 71
206 215
183 104
250 130
235 3
41 8
238 255
271 51
138 185
270 43
137 90
223 280
100 69
249 34
199 17
159 274
173 168
245 23
224 167
172 84
60 72
43 198
54 291
60 36
284 170
135 181
65 203
76 185
280 257
296 50
0 222
25 267
154 268
177 41
83 185
9 97
109 283
116 137
103 299
123 93
101 39
141 20
66 26
230 0
199 38
173 199
284 102
200 51
76 74
175 136
210 70
182 106
265 64
131 86
244 237
130 262
132 66
82 76
191 149
18 29
254 117
290 278
247 260
174 178
182 119
181 280
78 118
277 0
189 251
162 223
172 210
49 283
207 194
138 50
166 228
190 114
28 51
166 64
91 73
244 54
31 127
251 48
235 242
60 214
244 67
272 286
47 21
161 159
2 144
164 175
71 28
72 122
239 100
36 211
93 288
153 136
36 265
106 144
274 279
62 278
207 146
130 145
235 11
214 269
297 179
139 190
242 262
255 25
262 33
78 261
63 59
263 210
126 248
0 138
14 250
126 273
140 56
155 28
44 262
155 93
234 37
128 5
159 15
22 101
210 255
47 108
211 157
262 14
72 189
88 37
50 247
49 160
272 241
197 14
99 192
66 165
42 109
125 165
261 274
88 75
88 41
270 220
226 228
61 289
146 43
71 247
217 11
268 230
149 242
167 201
270 30
49 238
89 183
103 118
0 144
235 73
115 194
104 197
257 275
130 234
223 219
210 268
287 286
229 246
240 272
292 150
231 36
171 211
7 109
203 10
297 103
36 120
193 256
230 19
106 52
161 236
194 52
288 208
6 25
152 135
64 0
32 153
57 122
40 178
161 265
110 202
201 117
162 183
115 193
264 279
125 17
42 123
53 166
141 230
61 111
63 209
106 253
160 18
13 208
196 96
131 5
73 253
193 71
65 22
138 76
244 12
101 0
108 80
258 246
78 30
84 218
228 292
23 131
84 297
38 111
141 27
104 94
254 117
49 39
56 239
129 48
149 93
68 138
173 60
275 236
186 209
10 29
145 85
52 11
220 154
142 0
188 279
130 234
264 113
54 127
78 93
13 171
226 161
267 205
259 124
96 214
284 3
209 238
215 82
33 47
60 224
136 93
13 269
177 92
271 165
230 51
202 267
1 154
108 249
118 259
2 120
10 234
75 168
252 234
54 75
153 250
279 213
299 13
245 21
245 230
180 264
102 36
78 0
109 291
176 286
114 267
146 21
55 230
11 56
215 240
28 271
208 22
19 277
196 4
64 226
110 132
149 214
143 172
9 16
280 263
23 122
92 233
271 119
239 249
163 174
121 130
179 206
286 50
273 87
93 219
143 290
94 207
40 291
236 204
56 279
83 262
88 79
30 111
57 88
68 84
118 154
40 79
173 208
287 99
90 61
27 229
174 123
233 116
132 257
117 87
143 185
190 133
145 24
171 169
119 210
156 287
128 11
295 62
45 40
220 266
188 2
48 224
220 20
177 59
240 83
70 220
203 165
173 80
105 222
275 241
274 253
30 282
128 209
220 184
107 37
172 50
42 171
147 158
252 255
10 169
99 36
220 131
32 233
20 77
9 225
73 156
287 53
131 1
121 179
48 83
172 81
11 256
44 88
237 119
225 245
98 160
21 136
263 159
70 216
243 16
260 235
138 243
42 44
171 105
59 156
251 102
181 111
94 260
293 148
285 191
217 67
182 150
72 236
95 19
159 212
186 68
292 58
117 38
176 137
70 231
247 213
61 152
94 160
4 181
130 110
290 295
222 284
161 15
126 246
116 115
124 217
144 239
293 298
244 132
70 83
99 189
279 276
4 248
108 101
67 249
66 71
272 203
16 297
165 279
55 7
175 25
36 164
182 161
162 41
179 45
80 89
296 274
195 16
213 285
225 288
229 73
65 120
145 174
212 240
162 1
263 282
84 264
153 99
173 8
24 292
133 106
191 7
139 2
176 158
235 227
277 147
119 53
130 172
111 241
220 94
57 45
93 173
266 7
232 287
184 6
40 13
190 240
192 85
258 60
80 286
71 279
42 183
227 22
212 270
251 202
116 221
180 148
197 272
282 162
154 219
147 193
273 110
265 164
29 138
264 234
146 61
279 94
118 275
22 87
1 96
155 27
72 173
259 98
28 11
237 208
225 100
228 137
151 67
81 167
128 206
4 241
70 222
67 197
63 275
13 171
236 10
1 294
281 95
167 295
28 14
127 28
30 63
266 279
259 1
103 63
123 35
56 209
125 102
286 0
254 291
133 117
206 42
272 256
74 245
96 183
219 265
249 80
258 201
147 239
8 192
58 209
156 3
70 50
188 21
158 45
145 229
132 158
95 29
269 160
90 295
26 126
168 299
291 177
268 261
136 57
113 178
100 284
287 285
36 124
282 104
90 268
227 286
129 171
40 51
26 28
22 218
210 242
262 41
158 284
193 247
113 176
163 106
62 187
4 296
229 58
163 223
121 141
223 102
71 16
138 137
121 38
217 203
168 108
211 292
271 195
70 108
147 190
169 245
188 147
209 161
106 178
91 152
123 142
270 10
249 164
17 198
132 125
224 32
161 204
187 98
261 264
137 273
105 250
163 280
143 188
147 231
11 205
183 235
135 259
251 211
280 241
209 123
157 73
94 173
250 200
111 19
238 291
34 220
144 205
208 53
198 4
65 155
283 52
169 116
182 6
225 76
167 125
136 76
186 108
2 287
15 278
261 55
240 207
187 257
236 177
53 1
20 64
128 260
15 250
228 168
255 69
6 59
122 171
162 90
69 76
186 84
189 161
81 96
25 93
148 24
190 144
139 201
135 106
68 239
212 273
81 5
290 216
163 96
100 188
216 88
229 226
128 253
189 222
59 104
8 202
40 55
120 203
133 91
43 28
157 1
96 108
151 157
256 100
254 298
39 180
91 220
111 246
182 235
20 17
172 242
138 187
95 260
207 82
268 65
85 43
214 150
296 87
147 21
218 119
163 206
216 103
237 185
112 160
178 193
286 80
14 149
69 77
138 133
299 13
50 258
101 221
17 198
32 109
110 94
195 225
201 22
275 239
237 58
16 41
109 38
140 228
180 45
181 247
117 297
195 278
25 150
52 114
46 226
158 149
294 219
121 107
106 158
178 1
262 252
95 198
248 40
99 118
130 100
99 27
159 123
110 41
194 130
227 229
80 118
137 153
99 226
209 240
209 176
130 193
113 67
78 178
8 4
143 266
221 257
160 115
111 28
67 91
235 222
22 236
209 273
156 215
170 199
28 165
164 139
5 57
186 42
171 80
5 178
53 82
192 100
137 93
57 269
79 9
166 178
148 30
48 266
282 6
272 191
4 187
170 189
53 233
286 32
118 43
89 210
89 18
269 23
251 179
250 134
285 238
93 124
59 236
220 262
63 151
192 109
175 67
232 127
162 43
252 228
11 181
97 86
148 226
139 211
194 205
213 100
282 199
149 175
66 78
188 162
20 129
276 233
72 133
31 212
284 267
81 278
274 230
142 235
85 278
140 185
176 100
32 33
109 290
42 191
83 174
262 217
181 185
85 207
12 48
149 162
132 101
146 224
252 73
241 250
226 28
184 12
279 86
129 289
72 56
247 299
171 105
198 266
148 27
235 293
228 109
69 265
3 195
135 295
286 162
74 251
240 275
133 89
93 195
143 92
142 294
280 243
119 218
86 40
228 114
203 298
278 170
100 25
116 274
60 293
226 283
0 241
204 165
253 243
74 290
124 86
59 32
122 148
216 34
272 296
89 291
294 5
16 71
131 78
104 30
94 138
32 108
251 182
138 39
211 259
280 109
152 68
295 274
151 212
287 36
36 181
245 66
77 119
76 272
71 287
49 160
58 11
51 0
258 75
222 277
236 279
227 159
228 2
74 142
43 142
43 158
122 92
14 196
184 114
117 261
182 253
72 75
79 130
293 30
122 144
163 235
49 118
223 3
178 204
228 251
82 59
261 46
143 106
63 106
278 133
128 131
215 8
259 223
69 271
188 252
86 294
263 185
17 142
159 147
112 252
96 140
73 46
147 202
174 128
235 3
29 182
154 291
211 152
122 192
38 174
246 179
176 110
64 288
293 181
108 92
219 290
156 47
143 147
241 139
211 94
222 220
63 250
52 208
3 89
189 27
53 275
214 114
158 149
226 227
35 197
176 193
253 149
227 71
153 90
241 204
237 31
246 119
25 95
41 164
260 116
196 282
148 168
127 204
283 191
76 251
235 281
236 149
237 17
136 296
250 19
97 74
51 56
74 227
24 285
196 158
24 127
65 35
232 147
71 152
155 257
5 211
168 31
67 165
104 15
2 235
167 206
257 26
205 138
122 167
86 33
150 218
106 162
73 260
113 286
187 266
262 56
158 293
196 128
4 152
72 190
209 294
215 243
297 136
74 3
119 247
268 49
298 191
30 5
212 243
213 18
109 147
224 214
205 40
78 230
76 174
109 90
161 160
158 53
214 102
80 172
22 39
220 17
196 168
269 278
186 27
96 61
162 66
190 228
234 69
112 174
202 214
76 271
199 196
299 38
83 72
108 279
175 12
255 115
262 135
46 127
280 22
259 260
229 184
109 278
94 215
265 173
32 75
204 297
178 133
107 112
210 187
241 81
160 240
13 167
262 133
28 291
17 7
47 294
149 171
97 225
47 277
44 183
261 240
270 277
33 236
279 144
7 34
284 241
218 268
22 55
224 59
65 176
74 240
7 256
286 42
64 75
152 244
175 71
40 67
131 13
80 287
148 165
122 64
262 229
104 54
63 30
159 65
94 37
84 187
48 12
109 5
72 142
227 35
125 232
157 291
173 51
84 51
286 234
88 165
106 150
277 41
266 285
247 297
256 112
141 230
295 36
128 240
253 175
62 223
288 47
293 236
202 132
53 263
133 107
138 0
37 251
86 141
49 238
224 77
79 96
52 269
257 176
126 208
139 80
204 219
33 21
289 263
110 108
240 199
47 117
277 122
283 191
19 22
205 61
283 26
67 136
293 59
289 112
196 115
225 1
212 19
213 221
147 80
87 26
128 51
43 94
36 181
179 98
3 113
88 186
274 267
219 72
71 36
141 271
247 5
209 55
271 131
163 270
132 255
109 18
170 2
273 288
38 162
256 100
35 236
271 243
295 278
271 197
175 260
231 101
251 35
272 7
100 52
286 66
266 294
256 38
129 157
295 127
58 189
204 116
192 108
228 144
19 151
235 169
109 231
42 130
72 174
207 176
280 116
262 225
186 153
190 247
261 129
245 267
198 207
194 253
98 158
282 100
25 283
101 217
236 235
63 144
201 36
260 210
111 83
161 97
113 227
277 122
100 165
11 111
152 232
244 189
273 261
33 145
93 100
160 131
53 33
232 2
129 12
194 291
200 238
299 25
277 213
60 223
160 273
168 149
250 34
197 82
32 68
135 176
86 295
91 167
116 255
159 265
214 57
202 265
77 253
122 146
159 44
58 223
188 206
164 84
140 256
84 237
189 190
235 158
249 226
198 111
111 60
273 237
225 285
16 10
230 116
12 259
94 290
279 57
124 292
229 192
72 295
96 205
89 117
249 53
182 144
16 211
19 264
131 188
224 293
3 5
26 236
28 38
73 16
110 3
108 295
16 81
211 221
258 8
281 39
101 181
203 112
96 63
154 38
43 260
186 85
33 179
134 288
257 250
142 237
269 199
51 159
73 5
293 160
270 279
22 241
150 30
208 129
256 92
225 61
8 184
104 16
210 279
152 147
89 43
138 245
278 225
133 159
113 3
226 214
121 228
115 40
169 99
138 232
171 80
206 34
4 227
121 212
140 180
0 120
19 188
260 9
132 176
23 53
290 3
238 16
285 97
287 130
180 33
87 29
298 144
91 129
193 213
24 25
6 271
251 62
239 143
179 215
79 219
155 277
108 253
267 214
188 234
247 28
149 143
181 165
69 210
54 0
263 30
69 105
209 275
221 91
284 41
200 99
283 126
48 47
6 43
275 293
216 158
192 152
34 26
281 28
200 108
284 230
86 174
273 191
238 74
102 55
84 49
192 285
196 285
293 264
193 104
193 133
104 7
129 137
236 47
219 95
259 104
161 78
115 244
239 243
121 205
75 59
237 165
168 141
298 92
268 219
77 175
77 18
83 169
29 124
171 285
149 15
4 156
85 135
261 23
206 94
275 262
72 188
16 188
64 62
4 41
221 121
190 226
132 103
69 173
262 284
271 129
175 99
52 45
65 294
82 205
41 50
108 89
177 74
47 29
211 169
134 13
84 226
82 224
109 266
95 60
109 138
24 70
269 94
238 241
156 85
137 13
249 245
61 175
216 63
73 34
113 209
85 43
207 297
32 54
88 116
296 299
115 267
66 146
225 131
247 250
182 140
271 154
209 102
244 268
299 193
105 238
110 118
274 263
5 176
296 259
91 136
274 10
70 64
149 153
124 206
70 36
92 34
138 262
143 191
192 159
255 247
248 106
77 0
277 43
1 86
67 225
223 71
105 260
66 272
4 51
129 156
211 95
249 197
18 243
3 217
138 86
31 270
111 41
141 61
130 120
229 166
250 221
62 109
152 94
207 181
159 35
24 127
112 189
32 157
221 117
62 9
258 216
211 151
55 167
123 135
114 223
281 175
1 8
21 208
46 129
93 30
75 241
243 128
2 194
220 108
143 276
60 174
190 102
187 18
98 24
122 50
262 170
162 293
19 231
122 42
77 253
75 183
99 122
202 212
219 81
211 234
232 298
150 162
136 209
256 9
72 218
116 282
195 146
31 106
246 73
233 225
36 206
283 177
105 193
237 35
88 54
167 163
165 60
104 65
117 75
151 5
158 64
119 257
88 195
131 216
232 112
53 117
278 1
107 114
26 16
292 117
229 145
98 249
295 159
294 249
293 258
104 261
212 41
0 111
179 106
138 215
62 261
110 266
31 283
127 87
64 248
174 172
214 184
54 21
139 101
6 172
156 106
298 42
156 150
111 212
145 260
131 66
24 99
257 205
268 70
209 211
280 44
284 31
3 46
59 19
145 214
32 48
295 92
175 279
158 179
170 190
118 66
43 147
125 2
216 137
213 245
38 219
141 176
32 25
182 107
223 95
98 278
176 8
227 138
241 51
50 261
117 6
142 180
133 160
162 298
158 62
2 280
169 282
39 136
163 20
27 198
151 221
20 247
190 184
13 237
59 196
268 291
230 207
268 97
122 254
23 66
236 218
63 118
156 157
243 287
9 66
115 124
52 166
187 170
149 281
54 83
165 31
264 111
69 176
186 47
256 17
163 95
293 30
21 250
181 177
143 178
163 220
215 203
239 147
70 254
227 259
278 50
251 181
160 111
144 281
210 13
169 72
294 259
46 80
122 12
116 47
237 136
64 122
143 200
149 244
6 151
20 155
19 160
58 290
102 182
34 60
72 123
92 167
134 142
125 190
297 38
99 148
186 23
60 28
102 85
232 222
166 66
17 48
191 144
85 104
42 198
154 52
262 209
156 174
101 142
155 293
179 146
224 75
294 82
93 38
281 160
47 58
196 104
99 223
299 255
243 4
54 16
214 167
124 32
120 50
162 85
133 71
56 175
266 24
103 177
98 108
204 110
158 138
277 67
112 13
15 89
171 141
40 187
202 228
236 207
111 255
283 8
175 203
205 103
232 247
162 121
97 48
293 167
171 197
11 134
215 217
136 11
74 206
174 0
24 279
174 185
64 47
236 260
263 14
199 228
192 58
12 282
13 73
57 50
286 35
185 225
141 195
279 40
7 247
254 108
204 185
219 290
16 46
289 55
128 278
10 38
162 22
267 193
280 141
180 148
27 268
127 287
0 150
10 138
253 62
196 288
87 8
9 62
64 279
78 79
229 218
278 283
265 217
97 194
234 172
227 298
51 42
65 45
256 79
243 119
288 42
146 298
264 275
55 284
56 44
151 196
222 93
80 153
94 154
93 86
214 74
12 198
185 229
14 247
223 117
191 1
258 21
279 19
93 227
243 95
268 118
219 273
286 73
3 148
295 282
24 286
222 271
59 262
104 284
139 125
1 295
267 151
80 123
130 139
221 107
45 257
267 70
139 120
74 119
210 235
108 37
113 16
208 256
219 159
125 295
0 66
80 62
135 0
9 207
94 175
54 273
213 161
46 223
25 156
159 37
268 138
238 61
197 5
68 70
213 116
78 253
138 167
110 266
6 153
161 246
250 96
256 177
17 151
249 97
119 284
87 108
162 255
167 95
213 256
288 44
29 89
237 265
296 88
274 43
151 111
263 293
100 168
7 60
133 65
141 11
188 231
167 165
163 174
265 283
121 252
186 5
206 152
216 83
119 47
177 99
118 142
27 91
11 18
97 120
145 34
294 42
59 204
79 94
292 150
121 194
22 291
0 133
246 116
167 260
93 156
33 10
235 191
288 284
283 151
104 48
136 124
232 146
22 208
130 113
265 299
243 270
103 256
156 223
137 77
117 295
289 187
144 5
298 117
278 293
69 167
152 286
170 157
271 133
266 205
98 200
47 74
94 240
193 185
116 127
215 191
228 190
256 87
60 223
79 13
174 63
179 296
154 61
261 253
61 8
159 259
253 47
286 128
20 275
77 233
185 210
189 55
193 90
265 75
209 193
133 45
69 275
150 263
281 244
259 294
109 201
34 179
128 257
115 251
86 165
115 72
153 162
173 239
213 165
283 148
257 110
255 78
144 64
154 60
194 180
34 75
154 233
37 12
94 174
53 134
6 67
239 146
112 259
289 235
176 173
87 268
79 262
252 5
140 258
284 281
11 130
147 199
231 125
27 1
13 126
76 167
294 117
254 286
175 134
251 180
166 66
143 188
108 19
145 136
115 132
156 175
144 132
63 226
202 115
5 70
206 122
138 232
133 9
262 144
99 120
66 12
35 137
198 106
0 294
199 31
180 193
133 266
165 186
213 191
30 211
180 280
261 14
163 94
101 141
129 92
286 161
167 162
117 126
277 210
206 271
235 2
176 279
260 282
0 199
278 2
122 35
149 297
204 28
146 170
53 243
270 282
100 202
77 151
108 88
207 239
65 203
281 170
151 274
78 166
26 89
268 158
268 46
232 146
67 128
121 59
283 113
59 77
4 157
32 206
73 177
275 206
11 195
23 221
271 67
115 237
237 243
269 179
212 222
150 242
218 70
169 113
143 227
187 148
131 94
226 116
64 232
30 57
21 176
167 104
156 83
54 263
150 63
57 163
245 99
162 295
5 206
81 207
55 247
23 182
240 264
23 88
14 180
126 133
191 210
240 126
42 261
169 135
148 25
267 190
237 114
140 88
120 294
141 142
71 23
152 285
101 226
127 22
6 168
221 247
233 226
271 232
20 242
89 109
60 188
28 167
32 15
25 7
3 246
103 273
276 110
105 271
76 151
100 283
209 101
35 236
117 205
222 1
126 46
197 147
46 115
203 283
70 77
115 93
159 45
296 107
147 279
43 283
86 296
3 253
185 267
287 115
16 15
272 70
179 212
290 120
251 289
294 168
188 280
185 184
61 35
113 79
246 112
58 200
79 33
276 7
220 1
171 202
5 69
192 59
97 21
58 144
30 134
34 60
278 160
143 175
170 276
144 288
205 44
69 60
235 237
154 175
241 128
277 15
42 105
170 94
243 132
175 81
218 67
141 76
89 49
65 69
181 199
294 44
161 225
248 290
138 67
95 100
135 228
200 177
243 159
40 71
222 287
235 270
26 238
11 257
247 261
47 110
229 147
59 222
110 22
46 83
85 19
180 74
91 26
148 42
141 192
37 110
248 285
35 158
219 167
78 226
194 16
190 21
273 246
261 282
256 235
280 102
81 14
93 110
61 114
132 198
240 48
135 98
120 22
277 57
160 131
190 121
26 210
87 146
40 291
101 257
239 35
26 34
183 72
61 16
102 293
120 276
234 179
256 180
36 0
78 299
111 250
270 206
112 187
270 295
155 229
17 11
126 86
213 28
198 195
273 249
203 36
231 179
14 161
223 144
227 243
181 278
17 65
20 7
253 263
210 184
194 266
37 9
282 227
156 208
222 93
280 132
50 144
94 121
207 158
28 149
105 136
103 273
297 236
66 16
278 242
205 186
169 79
167 147
8 0
114 42
180 125
43 127
266 83
19 111
219 170
63 274
132 219
114 18
68 115
168 213
269 6
5 62
0 47
221 174
285 163
245 80
226 124
95 52
103 131
171 125
57 178
285 274
7 253
7 156
288 101
186 226
72 38
130 80
193 81
251 273
278 236
220 169
246 127
72 215
46 27
134 63
256 194
79 67
89 201
108 73
122 118
239 188
125 144
275 263
115 41
280 124
195 186
68 273
96 51
219 273
111 157
288 102
22 124
110 124
210 168
42 4
122 1
296 52
95 42
186 88
69 155
40 153
274 207
55 243
105 231
187 135
87 176
110 179
14 201
258 133
225 78
26 90
109 190
230 74
299 264
173 29
251 69
281 258
45 22
31 290
23 33
165 17
214 41
141 156
67 279
245 241
140 87
193 46
92 252
188 83
211 221
285 271
190 192
50 47
82 257
242 210
112 21
5 280
180 191
226 219
112 239
175 116
232 35
210 234
297 181
237 115
15 33
215 287
257 18
112 206
246 47
46 53
99 91
150 182
264 53
243 274
81 58
98 65
58 222
288 207
112 235
184 224
281 53
7 5
94 84
170 62
134 129
43 207
156 59
72 219
159 74
108 106
147 265
45 42
168 72
175 110
2 232
129 272
233 251
0 132
91 19
168 152
109 179
213 224
255 20
40 126
20 261
170 171
252 142
162 79
102 16
233 32
220 7
69 93
6 61
195 64
43 83
230 38
35 71
34 174
89 135
160 295
111 31
287 53
169 259
125 33
47 87
287 80
266 75
59 287
194 286
240 65
231 208
165 56
127 244
184 189
200 255
278 71
201 104
12 190
89 276
267 95
233 204
55 26
131 163
128 142
279 46
3 136
92 4
167 49
158 273
78 122
219 275
237 60
