1000
0
1
2
3
4
5
6
7
8
9
10
11
12
13
14
15
16
17
18
19
20
21
22
23
24
25
26
27
28
29
30
31
32
33
34
35
36
37
38
39
40
41
42
43
44
45
46
47
48
49
50
51
52
53
54
55
56
57
58
59
60
61
62
63
64
65
66
67
68
69
70
71
72
73
74
75
76
77
78
79
80
81
82
83
84
85
86
87
88
89
90
91
92
93
94
95
96
97
98
99
100
101
102
103
104
105
106
107
108
109
110
111
112
113
114
115
116
117
118
119
120
121
122
123
124
125
126
127
128
129
130
131
132
133
134
135
136
137
138
139
140
141
142
143
144
145
146
147
148
149
150
151
152
153
154
155
156
157
158
159
160
161
162
163
164
165
166
167
168
169
170
171
172
173
174
175
176
177
178
179
180
181
182
183
184
185
186
187
188
189
190
191
192
193
194
195
196
197
198
199
200
201
202
203
204
205
206
207
208
209
210
211
212
213
214
215
216
217
218
219
220
221
222
223
224
225
226
227
228
229
230
231
232
233
234
235
236
237
238
239
240
241
242
243
244
245
246
247
248
249
250
251
252
253
254
255
256
257
258
259
260
261
262
263
264
265
266
267
268
269
270
271
272
273
274
275
276
277
278
279
280
281
282
283
284
285
286
287
288
289
290
291
292
293
294
295
296
297
298
299
300
301
302
303
304
305
306
307
308
309
310
311
312
313
314
315
316
317
318
319
320
321
322
323
324
325
326
327
328
329
330
331
332
333
334
335
336
337
338
339
340
341
342
343
344
345
346
347
348
349
350
351
352
353
354
355
356
357
358
359
360
361
362
363
364
365
366
367
368
369
370
371
372
373
374
375
376
377
378
379
380
381
382
383
384
385
386
387
388
389
390
391
392
393
394
395
396
397
398
399
400
401
402
403
404
405
406
407
408
409
410
411
412
413
414
415
416
417
418
419
420
421
422
423
424
425
426
427
428
429
430
431
432
433
434
435
436
437
438
439
440
441
442
443
444
445
446
447
448
449
450
451
452
453
454
455
456
457
458
459
460
461
462
463
464
465
466
467
468
469
470
471
472
473
474
475
476
477
478
479
480
481
482
483
484
485
486
487
488
489
490
491
492
493
494
495
496
497
498
499
500
501
502
503
504
505
506
507
508
509
510
511
512
513
514
515
516
517
518
519
520
521
522
523
524
525
526
527
528
529
530
531
532
533
534
535
536
537
538
539
540
541
542
543
544
545
546
547
548
549
550
551
552
553
554
555
556
557
558
559
560
561
562
563
564
565
566
567
568
569
570
571
572
573
574
575
576
577
578
579
580
581
582
583
584
585
586
587
588
589
590
591
592
593
594
595
596
597
598
599
600
601
602
603
604
605
606
607
608
609
610
611
612
613
614
615
616
617
618
619
620
621
622
623
624
625
626
627
628
629
630
631
632
633
634
635
636
637
638
639
640
641
642
643
644
645
646
647
648
649
650
651
652
653
654
655
656
657
658
659
660
661
662
663
664
665
666
667
668
669
670
671
672
673
674
675
676
677
678
679
680
681
682
683
684
685
686
687
688
689
690
691
692
693
694
695
696
697
698
699
700
701
702
703
704
705
706
707
708
709
710
711
712
713
714
715
716
717
718
719
720
721
722
723
724
725
726
727
728
729
730
731
732
733
734
735
736
737
738
739
740
741
742
743
744
745
746
747
748
749
750
751
752
753
754
755
756
757
758
759
760
761
762
763
764
765
766
767
768
769
770
771
772
773
774
775
776
777
778
779
780
781
782
783
784
785
786
787
788
789
790
791
792
793
794
795
796
797
798
799
800
801
802
803
804
805
806
807
808
809
810
811
812
813
814
815
816
817
818
819
820
821
822
823
824
825
826
827
828
829
830
831
832
833
834
835
836
837
838
839
840
841
842
843
844
845
846
847
848
849
850
851
852
853
854
855
856
857
858
859
860
861
862
863
864
865
866
867
868
869
870
871
872
873
874
875
876
877
878
879
880
881
882
883
884
885
886
887
888
889
890
891
892
893
894
895
896
897
898
899
900
901
902
903
904
905
906
907
908
909
910
911
912
913
914
915
916
917
918
919
920
921
922
923
924
925
926
927
928
929
930
931
932
933
934
935
936
937
938
939
940
941
942
943
944
945
946
947
948
949
950
951
952
953
954
955
956
957
958
959
960
961
962
963
964
965
966
967
968
969
970
971
972
973
974
975
976
977
978
979
980
981
982
983
984
985
986
987
988
989
990
991
992
993
994
995
996
997
998
999
10000
212 946
582 874
176 994
740 251
977 904
32 229
251 856
476 228
864 941
581 273
841 361
92 522
961 218
556 56
743 559
397 848
625 983
635 25
202 18
619 755
750 839
373 992
812 568
466 364
50 959
845 96
938 86
618 341
308 921
157 441
318 140
539 118
70 248
629 401
937 79
570 530
868 66
722 430
78 758
482 918
268 754
939 136
336 970
872 774
891 58
199 483
433 874
822 587
27 820
661 222
615 648
231 339
130 315
769 832
799 644
270 198
666 520
508 980
181 724
443 13
582 347
355 709
639 781
117 248
205 112
437 369
32 95
348 200
220 14
364 584
868 811
591 530
338 914
19 172
34 313
604 559
833 160
268 537
364 750
789 466
473 196
625 904
254 570
776 187
710 398
576 386
352 147
674 11
100 684
746 248
958 256
466 602
731 416
56 616
159 87
913 273
876 619
996 702
939 203
254 352
940 743
83 15
356 734
591 806
365 575
934 166
609 699
201 273
739 781
412 552
101 955
466 201
661 541
352 252
228 768
73 900
493 920
635 356
88 330
415 839
633 541
886 858
950 708
903 50
493 670
331 756
500 196
336 358
824 73
927 245
135 613
619 926
273 339
615 286
63 639
730 12
183 404
771 531
811 847
46 454
278 243
297 286
943 698
379 219
806 415
77 852
412 988
958 766
851 885
437 857
402 933
989 971
60 594
757 546
364 765
717 15
615 759
223 440
349 27
427 281
841 495
457 497
737 932
935 895
317 52
321 662
150 946
646 813
803 719
697 670
345 658
568 706
960 449
952 273
68 593
433 703
809 522
569 964
967 343
66 942
36 965
336 331
501 489
544 941
797 94
383 464
813 42
259 667
844 910
620 257
181 103
920 457
921 26
59 679
722 342
658 477
68 869
456 418
884 419
203 510
749 83
544 514
231 29
634 636
643 408
899 319
331 111
397 999
818 86
360 408
725 855
813 941
230 301
540 634
472 394
467 243
856 698
408 950
652 874
343 486
725 97
475 137
26 777
973 977
36 339
817 367
589 996
318 682
619 454
799 903
286 106
19 290
922 707
50 859
356 989
306 261
212 975
739 617
772 310
878 361
314 870
151 515
969 722
169 639
487 673
35 624
561 479
557 573
261 635
347 713
558 914
983 949
697 992
35 34
167 532
369 388
597 970
200 319
201 155
988 707
240 127
401 330
40 358
273 67
394 994
509 113
194 422
490 538
547 526
26 339
161 363
483 197
435 239
882 498
128 476
354 400
55 538
291 223
193 774
167 663
929 261
694 67
938 195
67 213
442 847
801 373
959 107
736 410
535 599
269 578
321 816
528 678
627 179
110 794
791 642
326 172
634 935
232 335
601 220
505 884
178 24
757 980
835 429
475 970
184 355
480 737
671 153
893 915
249 157
622 822
733 345
773 630
683 215
331 143
512 149
959 752
778 366
555 771
524 428
958 558
766 833
145 907
915 339
613 936
584 887
699 459
695 726
297 640
621 488
979 343
155 486
319 414
427 560
104 834
15 968
574 186
848 745
232 823
390 420
989 584
534 740
383 64
249 398
837 362
982 747
304 358
480 33
502 753
944 863
157 706
889 430
558 613
496 380
479 702
649 820
307 420
626 411
371 113
699 642
156 64
394 656
77 446
645 79
976 323
446 501
273 705
654 393
60 578
199 756
160 194
876 909
82 766
903 630
240 492
633 899
262 63
438 325
411 30
15 543
220 845
672 444
115 217
314 494
10 359
959 643
758 950
270 593
867 211
147 722
362 923
478 541
380 867
64 667
207 574
936 579
698 641
275 57
585 151
182 0
443 885
677 272
523 228
157 796
656 764
166 421
378 683
874 787
429 595
292 159
810 16
966 92
97 764
200 414
500 327
438 115
699 651
230 835
46 421
526 773
577 204
664 796
896 491
305 732
700 527
630 7
191 190
668 278
389 398
547 358
150 508
598 274
25 119
517 136
64 384
65 451
431 774
30 540
870 749
995 1
712 928
773 847
943 337
597 978
319 65
315 309
937 822
621 536
421 819
641 930
485 525
94 920
358 605
290 305
396 834
280 189
250 474
561 555
951 480
862 357
0 546
338 177
198 678
335 628
572 886
906 570
399 516
517 198
284 290
804 377
831 793
766 563
455 144
651 158
61 479
964 542
849 526
45 904
816 376
859 405
402 677
901 12
565 982
103 80
207 838
443 976
39 549
445 186
730 218
185 888
499 495
293 937
593 765
88 290
272 405
518 852
912 737
128 431
178 491
327 865
737 533
304 297
662 972
725 277
434 302
830 729
209 329
485 771
104 73
218 633
868 40
695 751
337 442
350 664
598 566
827 311
1 534
561 901
369 664
344 273
504 680
154 714
552 244
769 663
628 908
64 491
993 248
850 591
448 442
5 889
342 11
917 467
562 97
515 470
439 784
591 378
459 679
820 973
598 884
429 858
626 413
330 299
78 476
774 35
285 757
684 277
567 381
468 894
845 114
814 840
78 430
169 917
409 622
201 930
434 838
592 721
142 559
117 121
240 313
767 383
599 165
278 64
593 907
632 27
486 656
905 661
328 935
878 737
113 245
697 525
948 161
915 212
58 534
250 410
11 694
542 738
723 190
953 151
930 882
572 337
489 446
960 826
568 742
510 778
707 464
569 489
771 90
61 270
231 54
850 833
408 316
462 115
894 801
28 45
42 778
72 390
162 987
83 200
399 985
802 568
895 260
890 381
580 368
340 822
714 716
198 15
585 860
23 959
493 384
809 514
414 492
961 19
106 318
279 581
179 536
682 3
514 918
409 927
520 330
889 102
15 598
128 685
209 574
264 715
842 553
291 108
582 476
153 963
423 774
405 560
359 185
293 453
567 193
955 951
580 856
498 473
100 750
370 244
595 571
846 8
820 794
55 42
798 267
65 637
530 275
934 70
305 747
757 563
675 893
151 68
375 68
944 219
932 842
659 619
690 402
864 396
604 395
53 347
236 700
550 808
258 572
214 127
218 194
588 332
819 849
196 227
39 435
324 437
889 689
477 720
809 159
204 601
197 322
96 135
726 674
655 290
346 95
116 250
589 853
8 451
551 926
916 415
298 209
411 960
805 722
693 105
760 336
378 384
256 172
600 124
485 53
871 288
587 419
886 646
140 518
881 599
497 624
708 548
181 958
199 76
423 623
934 292
129 751
760 324
577 284
963 688
93 637
897 654
16 80
10 604
295 288
951 316
90 540
862 414
971 541
403 834
99 426
837 866
582 590
415 130
661 335
995 535
370 955
586 935
659 296
110 807
205 486
748 141
79 707
837 35
757 100
670 123
538 260
306 417
387 527
297 470
707 842
836 655
747 569
826 127
303 12
723 497
545 227
303 776
413 247
656 801
768 659
839 389
946 282
385 286
716 663
511 781
749 161
192 642
689 223
235 666
802 55
741 990
709 610
525 980
590 177
782 995
886 247
343 866
676 80
551 880
309 683
377 694
621 253
442 129
556 893
905 300
931 649
456 284
764 176
938 590
922 770
627 295
687 938
588 7
892 68
83 27
59 407
232 535
732 56
802 742
586 484
878 228
453 931
12 154
443 167
698 183
688 782
731 910
415 676
866 738
248 488
621 833
695 249
801 130
371 51
626 298
168 169
191 321
508 461
398 914
991 832
741 437
348 363
682 666
330 988
915 132
360 801
927 77
890 957
757 1
293 976
724 233
938 158
158 795
628 794
725 273
199 677
919 295
730 906
215 893
234 324
457 935
729 862
828 619
32 434
402 239
643 54
245 914
759 529
260 630
999 702
658 213
646 77
360 716
866 986
641 924
576 795
903 919
213 201
124 311
601 589
110 536
203 300
423 867
492 43
874 546
75 392
143 836
439 821
336 614
906 692
842 625
750 665
260 898
735 544
453 748
259 104
495 937
825 253
378 2
340 946
449 429
291 845
34 281
45 716
917 229
188 700
113 437
673 70
638 658
489 357
851 700
543 875
801 25
992 786
711 424
683 905
176 674
70 811
203 591
169 39
863 946
197 769
341 557
488 347
701 322
907 822
910 421
147 159
536 460
623 825
410 539
112 145
474 567
566 63
745 993
892 601
656 26
133 683
666 420
307 375
200 738
517 568
828 30
625 38
249 423
39 330
34 137
577 891
843 411
29 864
479 50
345 862
803 676
809 249
623 897
992 809
747 594
669 618
269 702
606 480
979 165
698 341
418 971
851 157
428 729
599 925
832 336
969 152
351 430
818 258
529 724
689 848
609 297
593 584
419 127
4 553
399 579
566 765
927 761
480 742
11 352
33 947
997 632
585 601
38 719
94 271
706 67
809 942
12 648
727 301
811 850
894 963
923 565
25 195
805 107
834 180
958 202
56 437
792 46
899 591
891 78
228 290
228 119
863 366
181 793
982 94
634 440
788 220
935 71
40 433
413 282
612 133
104 843
609 41
440 381
439 473
314 744
946 489
185 775
110 835
720 104
636 626
423 666
59 712
606 890
771 845
14 834
858 9
76 905
436 33
717 650
166 955
182 289
539 883
443 811
356 160
846 398
791 960
15 131
456 378
895 796
857 735
308 283
156 447
23 718
662 284
361 834
182 724
240 699
833 893
928 250
361 753
839 507
15 560
580 803
123 631
848 41
633 281
588 620
949 590
355 845
388 641
148 402
80 997
610 979
749 750
451 9
453 977
685 818
106 575
374 243
902 330
212 183
123 470
719 666
130 849
101 97
462 695
917 182
655 229
461 916
388 417
811 757
121 104
121 928
87 157
381 12
257 482
438 717
849 853
97 414
515 86
145 585
601 151
19 38
544 218
297 850
627 332
821 878
426 253
432 269
763 861
485 918
333 500
187 543
20 10
369 956
232 466
2 421
758 514
33 984
454 2
201 742
75 446
355 299
835 706
502 148
309 346
882 619
718 982
140 475
350 900
392 807
166 312
950 803
918 620
826 839
686 692
747 838
748 873
208 841
721 930
302 288
517 716
478 200
156 686
911 534
454 998
659 621
627 235
480 997
638 270
950 418
581 977
375 795
29 357
627 972
65 773
794 901
942 2
976 116
766 885
344 790
380 182
267 882
953 617
176 302
171 335
22 790
930 871
978 123
436 164
14 891
70 301
564 171
246 292
965 434
476 101
28 957
804 519
155 150
535 275
278 820
184 535
744 541
719 609
470 321
600 213
270 925
98 645
178 243
948 717
542 858
687 192
165 270
880 956
43 177
40 108
607 58
847 993
659 150
345 466
459 919
887 790
995 913
865 713
813 861
172 149
234 906
78 992
289 453
542 973
446 881
816 717
622 952
667 195
228 595
593 849
718 178
366 11
952 310
224 899
143 102
366 122
250 633
348 67
946 192
252 364
246 456
620 720
217 319
811 14
654 288
683 524
395 676
63 104
283 425
334 336
798 278
431 877
943 858
118 362
5 843
188 450
363 253
70 326
743 15
876 976
536 578
403 290
363 255
561 184
557 711
846 523
310 450
977 352
759 683
831 752
373 586
311 284
668 834
420 230
550 990
210 780
430 502
767 728
106 481
867 888
68 846
818 726
404 910
826 23
385 757
905 786
450 274
324 626
447 729
356 549
28 886
426 835
41 659
888 89
742 650
831 227
623 458
544 844
189 329
67 278
579 706
35 333
259 256
588 92
73 177
784 488
317 229
657 926
418 109
584 795
97 572
734 84
995 724
667 113
42 389
172 936
219 708
340 879
10 492
689 144
27 113
341 211
299 631
624 863
526 67
255 540
893 681
193 708
990 193
474 531
668 808
602 120
988 691
879 277
146 837
178 685
382 720
644 592
641 476
390 882
220 814
501 856
640 653
870 7
306 557
388 298
479 649
67 416
812 736
931 321
445 296
75 158
832 437
758 997
258 69
959 917
321 225
704 175
412 55
630 556
544 13
749 535
252 794
916 588
397 447
290 474
932 18
835 595
135 498
42 291
128 623
730 964
640 634
342 888
174 978
401 503
537 807
109 548
952 913
802 267
235 190
207 958
813 910
495 953
659 188
592 33
713 443
202 932
698 620
484 840
668 168
639 666
985 149
356 180
118 945
711 977
433 477
101 989
63 859
358 484
249 244
316 99
534 832
833 253
578 203
800 55
266 600
288 544
904 840
48 703
285 983
326 420
640 226
94 449
171 242
76 19
524 555
612 705
3 523
351 840
384 332
103 812
258 6
509 484
797 829
828 786
579 443
361 636
648 623
558 430
444 150
479 831
134 133
316 685
761 130
261 43
821 427
622 292
463 409
671 208
379 915
457 976
676 570
243 175
6 773
732 435
305 963
193 158
735 899
11 495
765 807
830 269
736 994
766 392
980 60
158 876
44 307
874 936
418 192
225 397
932 996
234 957
152 355
777 459
820 673
637 393
181 634
615 619
321 269
497 799
720 755
425 994
949 235
454 872
86 277
9 0
15 469
544 457
74 960
518 272
469 987
489 128
394 27
621 486
551 467
983 605
86 759
15 941
634 160
416 509
886 466
803 834
264 543
348 883
857 730
853 368
883 95
377 945
893 737
688 567
829 752
524 0
772 791
16 490
476 482
399 807
755 740
927 811
992 731
378 799
22 547
944 355
892 190
167 355
705 687
268 618
737 421
513 364
257 702
989 927
810 230
602 559
398 59
477 609
38 680
379 396
402 900
197 314
210 459
133 141
134 948
686 301
746 106
935 992
319 103
537 24
108 148
18 827
29 866
578 460
349 61
272 494
462 196
967 281
40 205
749 502
69 61
988 420
987 978
989 299
261 604
872 428
816 491
85 314
548 871
204 339
93 719
703 907
745 95
663 528
804 335
935 230
276 386
452 694
197 381
85 447
706 820
36 583
563 999
670 248
863 773
416 715
846 16
279 535
231 408
990 682
314 708
789 632
920 700
429 881
672 46
280 602
825 177
12 941
195 909
956 257
427 25
172 319
36 808
127 943
639 539
232 615
245 77
997 79
27 495
890 441
895 285
903 837
295 965
839 423
984 904
559 742
794 485
439 800
314 281
847 134
814 757
496 766
931 18
891 769
765 513
531 493
812 295
238 149
166 462
489 632
886 296
385 974
35 257
730 880
920 422
599 771
113 598
510 515
682 625
134 421
790 89
138 959
381 750
172 81
488 485
870 763
149 312
876 402
593 319
985 235
753 261
131 458
435 391
225 675
642 31
909 191
650 260
813 398
127 162
52 995
730 173
684 664
549 908
489 44
908 148
12 447
545 669
430 170
414 385
375 523
884 761
294 656
427 979
575 338
215 316
351 518
380 875
98 505
22 62
691 309
164 781
134 13
745 488
217 853
942 744
873 456
697 197
52 282
939 685
14 220
597 514
278 539
205 253
288 693
938 33
478 853
703 331
503 820
490 448
99 942
874 537
698 546
30 87
92 709
233 804
230 883
923 608
316 677
375 749
736 662
507 595
780 893
92 938
753 154
363 520
597 503
901 433
688 814
294 241
739 385
503 74
642 373
275 659
939 304
170 100
556 879
356 934
711 721
8 674
368 238
783 91
191 883
482 701
754 990
363 64
100 848
623 562
880 859
828 37
912 358
136 525
791 555
775 14
434 630
286 387
494 887
357 122
321 514
510 789
296 377
753 832
695 527
158 944
230 667
950 72
486 746
520 471
366 669
233 942
416 251
638 881
189 88
949 2
438 601
697 136
60 553
45 622
678 242
882 653
960 898
809 480
294 307
73 120
207 578
289 655
143 545
851 670
320 493
900 912
611 777
816 60
396 917
445 550
545 87
665 441
451 366
212 447
835 643
971 323
861 373
439 395
919 84
928 771
17 584
534 317
379 976
273 543
873 410
655 236
174 880
313 620
956 36
538 779
166 833
220 665
645 661
705 152
442 937
919 365
240 210
394 354
732 147
239 588
278 482
444 629
46 780
414 561
802 135
798 261
827 263
551 111
443 449
3 976
762 31
826 182
913 789
681 503
584 3
718 310
945 502
301 300
958 142
71 437
283 559
610 617
97 387
674 706
846 1
455 688
459 967
546 497
96 908
497 909
462 255
724 499
82 232
431 216
479 504
543 251
74 3
585 809
596 717
856 918
997 762
877 282
788 66
317 908
855 697
505 258
633 981
508 777
776 223
644 978
702 760
572 377
867 436
506 41
245 983
413 284
893 496
134 947
465 213
790 3
259 550
277 189
362 344
850 435
312 384
948 445
229 73
114 898
30 941
539 511
4 763
331 605
973 846
148 149
280 395
790 9
734 869
979 295
35 755
641 491
163 744
383 878
219 242
850 604
696 418
564 297
135 641
953 934
989 342
199 694
49 849
461 518
980 698
128 417
384 868
102 976
498 262
807 357
8 77
795 653
710 395
27 845
177 430
966 375
63 254
705 523
406 705
907 691
587 699
354 597
646 156
572 673
498 877
153 22
706 327
480 328
729 303
604 412
871 663
53 948
645 46
854 581
372 725
734 518
511 594
992 427
685 378
542 180
939 804
382 734
493 234
610 110
86 7
780 415
917 364
51 861
237 732
491 678
259 484
21 225
715 888
51 890
21 202
889 222
610 259
874 354
792 340
803 113
418 396
539 704
404 559
632 864
649 532
961 554
46 84
941 199
73 167
341 903
947 746
150 364
478 732
434 159
666 224
913 708
938 162
595 700
769 387
848 592
37 583
805 382
675 266
592 336
610 33
373 185
307 783
597 378
280 886
423 572
860 198
697 948
781 342
858 195
221 78
683 892
254 741
35 841
391 741
116 355
32 377
768 810
662 313
842 266
642 200
472 772
851 653
751 494
238 399
254 57
258 257
986 101
848 267
916 63
503 628
540 138
423 870
214 321
570 406
261 482
640 461
471 405
262 674
141 382
306 451
657 491
952 569
685 633
947 10
131 70
23 832
259 432
643 646
628 297
36 500
821 168
935 688
445 916
960 54
886 793
371 630
446 474
455 842
653 498
568 329
918 766
251 921
9 919
395 987
684 350
632 753
574 481
867 132
778 563
114 995
23 892
70 804
841 7
424 73
515 755
850 691
173 221
826 525
500 922
666 826
243 563
20 75
431 190
601 81
687 641
154 961
923 801
679 510
573 676
603 745
647 516
381 456
301 661
992 490
606 569
864 190
808 207
124 233
375 710
335 691
476 384
390 716
145 543
493 634
194 423
480 116
436 258
394 390
58 291
886 350
423 790
14 313
640 387
838 777
508 657
233 802
980 221
561 361
606 357
460 685
28 289
156 975
421 847
432 636
498 345
289 347
332 413
311 54
511 74
544 980
38 601
934 639
892 843
722 344
512 674
849 134
237 195
601 701
304 99
447 480
790 746
314 275
78 430
815 938
241 80
977 11
468 652
345 334
8 603
69 352
938 514
169 480
183 39
261 44
353 918
149 212
647 58
809 284
573 825
656 132
202 118
833 570
625 663
751 895
443 992
154 798
817 11
731 259
336 970
407 81
271 135
996 145
309 275
951 554
520 438
356 694
568 623
828 504
77 734
414 725
967 7
436 551
678 762
526 204
702 55
703 783
372 373
769 223
45 472
357 293
351 286
521 617
486 800
87 67
298 688
246 368
53 155
893 596
513 585
181 519
543 895
273 69
756 218
5 911
241 116
338 415
57 868
324 946
428 148
649 825
893 923
696 654
445 751
331 698
345 183
672 613
206 507
23 337
874 354
647 427
230 628
923 495
167 830
809 114
759 706
29 385
931 447
298 303
681 964
493 521
596 156
951 868
418 439
408 268
712 514
853 796
54 94
644 515
370 237
664 261
17 197
126 127
227 451
453 517
763 838
877 4
467 566
366 76
361 586
134 716
627 305
689 41
444 998
583 858
441 110
985 940
315 899
715 281
18 769
183 491
785 749
811 51
390 567
154 322
721 637
543 595
538 268
542 482
984 493
316 574
874 506
427 476
510 831
243 988
335 630
943 222
715 36
263 768
994 785
134 608
888 553
670 572
943 642
977 756
100 476
760 402
414 801
770 243
985 133
993 907
958 145
192 635
80 105
21 636
390 732
222 742
354 79
425 298
167 843
716 219
508 468
848 923
986 283
376 878
124 620
357 62
29 951
682 578
588 308
470 349
614 767
723 479
969 877
571 283
355 698
894 221
521 276
666 567
276 864
930 139
86 311
14 784
286 10
955 158
117 122
686 292
491 773
107 921
458 877
876 988
732 974
474 722
44 241
912 367
937 220
729 387
8 197
560 923
553 315
9 463
923 960
893 904
158 230
171 568
192 395
595 919
723 833
164 561
579 517
507 796
176 347
804 866
162 622
783 378
472 978
43 229
183 218
840 303
841 914
330 358
409 456
864 180
331 314
790 422
175 39
217 754
879 793
581 154
660 72
574 178
149 380
440 269
676 474
425 10
319 696
160 842
947 596
796 817
16 299
872 235
920 423
513 698
232 247
400 893
262 236
364 377
965 748
450 30
422 427
572 989
360 650
41 647
828 120
200 161
456 649
782 797
173 612
360 627
172 346
562 786
39 470
666 479
558 517
76 295
1 606
536 745
590 956
117 665
97 609
538 124
779 351
680 610
451 289
121 409
853 758
700 394
964 240
594 680
686 829
915 15
824 258
309 768
877 176
614 930
892 775
192 3
361 238
841 543
510 469
813 484
995 985
450 420
506 567
221 469
918 142
13 46
33 644
188 36
510 997
173 129
700 193
410 626
688 193
300 582
350 153
567 45
655 685
28 559
244 187
114 50
140 924
322 297
593 510
827 136
550 53
676 321
575 577
487 994
848 663
136 948
713 650
548 880
708 189
630 962
308 778
481 867
428 581
714 576
829 787
767 337
451 428
368 267
266 209
259 431
72 494
461 584
314 857
244 322
480 36
829 836
342 201
399 975
661 245
773 225
658 506
923 133
777 493
251 998
153 516
88 245
833 75
355 282
363 840
152 834
847 179
393 99
410 50
275 22
645 280
863 144
87 36
664 778
430 678
47 610
853 666
777 354
307 882
176 416
834 434
411 247
406 337
239 315
513 173
13 101
478 102
710 35
783 151
840 774
130 512
756 327
518 47
479 148
610 181
803 542
163 186
252 499
12 173
260 794
622 345
207 6
933 904
91 644
509 603
416 593
847 956
253 642
62 171
427 639
648 928
722 401
430 586
147 331
398 431
507 324
131 954
980 846
760 681
119 919
311 734
6 963
460 732
999 920
860 862
418 657
876 784
379 206
271 573
359 845
568 543
292 905
562 988
629 428
477 350
625 973
230 388
872 1
400 923
729 818
57 836
354 134
819 192
726 591
959 679
251 81
943 493
308 478
181 45
667 383
628 221
274 205
783 103
296 462
742 767
505 393
667 134
72 32
253 725
490 919
443 122
729 727
179 253
951 471
761 620
545 263
534 208
727 754
427 491
898 499
692 557
523 551
851 584
559 956
459 426
395 764
981 95
68 470
450 703
63 478
713 156
125 424
605 706
844 772
839 905
27 996
510 306
325 484
110 331
344 276
780 692
929 702
77 11
0 149
497 685
282 707
321 213
662 42
523 290
171 706
947 736
268 879
92 54
135 171
204 227
848 4
651 475
257 518
758 73
526 910
119 782
977 144
242 483
913 927
587 356
688 336
254 322
138 173
536 565
440 213
652 372
514 7
743 199
276 758
475 12
738 63
160 651
869 269
527 871
382 67
991 873
143 178
452 788
735 878
94 498
968 34
225 690
328 64
19 3
725 243
862 880
312 389
302 869
881 861
95 464
126 838
389 703
139 550
755 779
194 794
746 299
326 860
87 580
590 140
265 131
431 932
497 596
608 269
892 679
24 882
767 884
314 788
244 31
651 20
802 103
943 902
565 396
843 53
642 568
771 297
892 813
732 209
20 802
930 723
317 814
59 35
530 890
196 397
886 911
58 220
457 936
378 580
297 951
558 884
961 322
730 675
604 190
425 761
138 217
225 962
918 878
54 461
898 292
901 705
3 658
693 495
469 450
60 776
48 406
55 702
863 597
16 686
201 251
632 509
560 238
288 119
839 886
722 769
654 762
827 920
735 485
768 173
890 872
113 661
602 938
542 745
607 996
871 469
593 504
114 314
793 798
624 815
168 430
85 6
845 439
378 169
174 242
779 662
233 800
132 650
109 246
458 563
441 827
845 744
419 55
905 717
671 993
717 785
64 164
132 831
936 914
10 979
568 272
341 690
523 692
953 184
778 906
660 395
816 924
834 463
361 834
40 939
877 378
0 599
916 478
478 736
188 71
745 55
292 302
796 696
925 273
487 916
621 669
629 720
786 247
79 424
762 408
704 22
634 382
515 782
992 346
386 178
238 868
494 462
31 173
538 758
488 410
457 516
515 568
521 779
332 363
194 373
511 993
554 878
28 611
46 947
308 39
228 253
582 187
196 432
855 729
62 7
941 488
826 600
464 617
691 437
821 904
482 129
588 446
878 213
690 500
208 215
520 404
741 105
244 503
725 45
832 446
92 978
93 550
659 12
155 643
327 123
35 780
450 94
546 285
914 473
621 978
500 704
726 644
82 120
404 74
190 955
774 230
312 180
577 798
822 485
966 121
960 300
137 622
983 853
667 43
330 994
373 358
896 960
47 498
827 604
883 502
419 926
594 185
466 759
542 469
726 663
474 595
602 885
614 415
694 937
422 664
887 84
501 107
72 525
513 512
426 445
141 638
6 451
755 51
831 449
312 555
139 976
845 356
210 386
648 673
252 113
228 982
765 579
170 547
19 530
254 461
620 811
658 629
366 201
259 427
546 833
516 421
187 577
564 122
53 853
32 278
903 887
243 24
435 444
745 1
612 108
656 289
667 200
253 354
238 208
182 451
822 614
867 687
72 70
990 495
602 13
706 742
832 315
845 428
812 327
442 777
708 590
367 205
673 842
206 796
580 477
861 76
125 653
53 42
365 552
891 119
69 566
688 425
233 660
666 521
718 875
663 351
825 743
876 806
719 757
336 454
208 853
159 547
448 912
467 806
730 815
859 437
650 234
511 474
270 472
218 149
254 618
446 638
509 740
567 690
567 308
613 458
391 875
60 442
628 639
191 855
267 414
411 359
368 547
449 367
313 747
304 7
492 53
628 205
669 141
380 86
238 106
79 467
292 492
605 17
486 617
565 445
63 519
810 332
219 214
597 335
253 453
758 190
402 767
652 826
320 816
538 111
118 247
58 746
808 707
258 735
246 480
412 476
952 213
557 146
174 269
889 947
670 261
567 795
382 520
844 38
0 136
649 985
284 868
496 614
210 986
46 964
905 426
967 911
548 522
27 544
165 134
497 26
815 647
746 604
50 292
783 99
700 593
492 125
319 575
111 489
29 651
579 219
319 551
90 977
824 689
557 185
477 922
879 518
15 532
869 365
682 496
144 441
546 447
532 75
418 504
603 169
502 877
489 563
444 269
789 81
71 988
941 744
40 484
648 282
690 134
919 522
690 568
42 100
645 173
716 147
782 804
358 145
148 436
631 200
116 81
806 322
860 933
887 469
859 21
158 786
666 43
651 341
443 855
117 232
920 775
681 817
836 684
245 846
11 954
793 539
246 2
38 816
167 720
228 160
524 180
420 440
980 815
83 869
470 333
6 222
636 970
98 255
275 901
21 146
198 670
47 461
975 203
318 762
862 672
269 392
140 975
743 837
562 603
451 277
430 276
831 542
948 902
898 34
64 226
144 683
344 118
105 669
533 443
966 830
578 625
103 128
489 430
326 573
472 630
711 552
52 196
486 277
221 927
871 243
406 156
864 922
21 576
561 798
283 683
299 157
525 1
29 625
235 192
120 659
713 370
352 723
991 399
242 261
984 744
503 730
187 990
290 934
353 465
464 385
609 202
231 694
248 394
431 707
424 807
897 82
664 19
188 46
709 247
419 710
722 590
425 361
724 752
797 83
498 687
857 405
897 832
969 620
955 947
483 638
288 837
658 588
991 482
349 942
109 50
45 251
358 269
996 201
74 249
452 996
641 439
425 996
383 477
561 218
40 192
523 134
787 103
840 625
549 162
130 903
244 386
647 509
884 196
997 398
828 246
729 929
682 693
587 359
498 256
167 435
144 992
961 547
287 442
345 944
273 116
228 587
134 913
915 675
674 915
892 252
295 495
856 860
571 835
357 389
519 511
917 89
386 912
947 926
390 968
831 887
963 611
373 257
396 233
973 692
938 336
976 620
657 343
437 841
280 26
952 15
528 520
768 661
472 243
825 864
249 282
907 292
725 134
12 686
304 176
861 37
123 702
674 779
705 701
952 486
849 679
169 53
672 600
236 150
463 77
993 144
285 239
137 84
642 437
644 777
631 173
363 581
178 728
808 164
785 25
683 496
455 691
774 798
556 350
153 796
692 121
112 989
926 339
934 377
640 626
596 271
826 14
122 71
326 996
80 406
338 546
992 879
483 632
541 291
79 425
746 802
561 796
446 402
495 485
76 30
976 711
381 14
300 147
517 569
55 117
358 60
123 446
921 582
699 728
243 268
710 779
565 674
28 708
653 476
220 90
186 223
473 687
210 801
347 58
261 529
208 959
859 442
880 444
685 96
965 853
723 922
671 318
605 675
824 154
956 857
640 595
611 827
548 280
37 190
892 987
497 854
945 278
463 714
868 586
184 113
936 299
830 357
562 559
482 630
156 91
741 129
846 320
459 604
24 613
476 245
336 157
733 872
230 478
562 569
776 142
80 914
165 36
262 674
583 193
139 726
183 259
870 30
327 502
175 49
748 4
926 622
114 995
907 104
502 386
269 869
783 908
18 303
538 539
208 904
919 535
962 526
597 443
657 10
229 416
300 567
554 141
425 368
245 758
115 631
740 763
777 417
545 411
866 175
902 523
110 455
154 660
378 467
937 764
651 353
614 141
978 973
309 633
525 839
698 912
254 547
811 963
122 82
386 407
182 886
940 516
916 990
697 633
319 906
872 551
730 543
347 206
698 966
446 696
636 621
686 602
144 303
982 532
28 182
789 123
730 212
670 164
213 304
844 307
298 859
905 893
69 451
174 692
674 835
915 490
97 399
225 391
590 519
660 928
962 373
916 254
934 773
631 771
297 414
471 425
726 120
419 101
927 90
265 143
958 424
244 706
959 698
933 177
62 104
948 163
761 398
215 423
770 934
300 78
418 403
766 984
850 72
860 663
334 316
888 244
40 266
994 247
850 507
959 781
221 654
398 333
424 827
405 656
194 897
151 627
63 326
245 208
137 186
264 17
705 684
41 137
58 222
202 601
366 614
486 862
542 868
113 83
63 141
373 400
633 9
822 843
341 563
959 950
483 549
845 104
770 986
341 814
410 492
666 110
332 316
978 94
72 979
493 561
274 470
398 885
625 641
451 868
529 906
202 756
165 137
177 400
931 832
474 925
369 314
853 923
57 945
880 50
186 512
842 157
150 251
515 951
746 70
310 121
217 727
750 258
564 369
713 182
845 367
493 368
793 899
512 943
509 828
240 823
411 27
505 639
514 607
547 902
509 228
724 874
360 701
432 364
535 246
6 676
121 831
76 308
87 803
819 968
582 72
131 792
258 223
238 943
75 958
372 322
911 80
759 672
323 747
537 244
371 552
878 350
245 85
340 675
109 718
581 90
40 17
478 75
974 315
891 952
469 41
819 262
592 137
480 584
522 326
610 422
734 109
828 677
818 370
965 55
293 279
824 321
20 671
906 28
8 892
737 691
113 299
663 418
668 848
899 489
422 903
441 534
922 565
129 101
989 465
531 601
521 669
768 857
343 137
196 377
685 250
587 282
21 368
637 408
832 844
643 220
346 278
574 288
831 887
2 487
22 659
185 929
432 319
548 437
432 200
785 989
805 995
212 229
649 122
848 164
907 229
110 689
938 406
726 457
438 571
263 572
604 894
410 346
61 97
711 461
74 286
546 152
585 688
281 779
847 686
263 297
351 623
311 439
199 789
889 929
502 777
538 550
491 118
231 849
985 170
930 431
616 306
113 79
681 762
610 281
414 570
833 593
190 995
43 976
868 871
31 460
796 17
240 669
921 329
927 538
102 818
182 220
937 661
301 280
179 21
891 873
165 806
632 581
873 179
593 912
814 401
701 494
620 371
26 140
903 253
499 596
707 558
53 482
797 724
10 26
27 576
325 349
218 482
803 645
375 40
739 555
430 448
914 708
605 590
516 224
390 795
92 25
262 663
924 238
551 980
175 958
239 868
672 401
13 114
332 782
22 215
468 48
139 101
690 127
418 508
491 244
952 643
241 881
886 916
144 959
923 102
67 415
656 145
345 371
572 156
89 30
755 340
797 827
591 634
19 90
275 367
597 385
862 92
346 783
771 874
940 726
709 646
491 957
603 345
603 59
644 254
140 232
273 159
709 995
654 499
543 461
774 503
239 840
594 777
38 639
544 883
573 615
535 294
645 330
462 861
738 644
676 601
257 74
608 915
281 105
396 806
739 198
819 367
551 189
217 708
671 819
802 251
940 193
630 162
442 365
645 291
611 141
120 712
947 777
719 897
203 803
284 147
291 240
738 907
527 295
69 349
209 860
264 629
271 849
59 823
594 545
730 887
746 127
756 500
19 89
755 838
809 102
975 630
598 120
742 382
277 693
395 299
521 574
232 522
722 486
670 290
684 720
217 84
144 754
902 539
151 454
21 77
348 907
975 778
813 989
393 804
211 27
856 855
991 543
750 572
236 338
286 478
458 822
98 786
862 562
203 480
564 624
191 316
329 259
797 757
900 822
747 271
476 775
849 155
877 375
189 800
589 593
502 283
861 670
383 895
356 140
29 817
369 578
800 743
664 139
418 579
860 303
197 337
916 566
69 464
123 799
820 322
402 364
427 750
8 62
516 986
372 214
409 628
98 275
450 743
510 819
22 7
386 949
870 666
881 162
26 266
311 657
546 566
529 147
197 911
704 188
737 988
917 947
626 831
244 515
9 57
131 705
256 725
297 378
954 207
131 11
969 543
549 507
439 793
358 713
877 29
693 526
354 916
675 40
989 570
158 177
738 922
146 463
945 954
714 939
861 922
681 718
816 950
830 531
305 832
823 581
139 200
14 602
970 926
949 356
588 265
192 516
474 485
81 994
215 697
653 141
696 302
270 104
222 281
695 384
510 834
354 338
195 835
127 873
708 820
572 122
800 588
573 118
701 768
203 134
735 163
974 557
69 859
701 208
581 223
586 470
882 5
508 394
351 930
967 206
797 284
592 205
682 878
86 376
787 698
923 8
702 265
379 35
452 92
103 686
154 948
338 597
674 87
566 6
667 102
20 505
915 884
980 475
713 871
952 256
555 363
414 178
312 51
252 80
451 161
417 274
626 751
162 979
15 848
635 922
135 173
79 601
172 850
829 515
726 384
673 89
994 279
598 115
8 857
839 522
208 195
127 97
777 963
180 184
405 256
379 328
884 199
730 781
200 601
552 939
267 680
946 227
256 525
554 917
418 219
3 821
35 495
611 912
413 256
5 796
30 781
805 186
262 738
859 542
583 682
696 959
667 707
779 633
788 918
384 595
216 969
768 983
856 870
784 203
421 104
90 877
125 485
335 889
955 122
575 927
37 589
543 319
874 894
441 817
298 101
202 983
697 209
129 323
460 27
266 123
759 471
409 538
466 226
472 682
358 331
775 188
651 924
835 486
219 123
793 792
776 366
237 907
138 132
599 600
169 814
313 507
473 502
791 130
543 392
685 978
106 87
776 788
877 290
150 460
679 629
730 722
866 564
676 545
449 72
162 657
168 623
592 589
833 452
76 535
149 297
668 959
416 976
380 313
971 54
60 837
940 732
831 495
30 327
917 196
360 149
882 564
19 97
321 927
637 32
884 791
653 669
502 328
660 525
772 807
552 312
5 696
846 484
823 870
533 319
712 707
615 320
620 297
291 886
559 254
866 215
284 51
829 9
438 529
839 641
345 127
30 130
117 498
690 299
968 924
556 479
470 193
300 650
649 669
929 697
925 313
173 492
6 757
62 353
671 496
476 65
82 90
94 721
139 755
919 125
824 365
726 821
804 456
219 608
237 788
47 327
774 81
740 975
619 819
452 813
451 308
541 839
580 520
898 697
586 638
935 261
231 459
501 531
204 880
764 800
708 906
249 849
367 807
420 201
51 339
325 842
851 139
227 807
988 902
848 148
377 404
694 938
979 942
767 598
235 692
363 650
9 911
446 53
620 438
38 981
435 253
120 385
419 858
701 999
59 121
848 83
800 916
471 338
966 416
333 780
610 163
305 254
53 684
719 18
605 863
620 934
935 36
72 639
504 431
737 705
109 53
870 292
318 172
124 75
847 257
79 765
533 596
556 611
109 402
166 547
115 661
419 750
259 496
31 563
678 875
678 984
560 617
657 71
803 99
831 143
409 0
830 563
563 28
71 219
772 465
501 721
562 846
88 829
669 674
782 534
64 230
232 128
326 835
839 757
411 789
765 846
294 780
267 82
736 879
129 359
621 952
383 755
116 593
314 562
438 714
517 543
164 486
890 845
706 594
145 964
587 232
180 93
631 622
649 410
370 697
45 291
734 33
335 706
269 564
911 841
139 254
781 979
995 19
348 73
756 769
668 450
329 356
610 53
925 489
419 483
561 14
146 765
13 896
12 729
30 882
912 218
66 80
933 73
713 971
225 956
220 139
122 699
496 70
352 806
303 956
279 680
950 501
111 585
338 474
73 451
348 908
247 120
611 106
568 98
169 613
87 25
726 746
49 630
18 314
679 991
373 403
202 307
77 585
787 451
55 373
75 980
208 196
272 44
957 508
717 317
864 288
107 487
103 328
609 4
670 267
224 111
212 296
983 797
514 16
353 344
484 430
127 432
967 238
225 675
832 769
454 347
426 887
595 753
157 39
409 895
51 677
824 920
22 743
819 108
567 29
506 675
792 406
720 124
243 96
758 115
722 753
616 416
36 504
758 239
680 964
915 298
841 681
299 480
182 16
393 433
537 338
166 253
831 103
445 509
359 173
772 351
770 351
459 241
155 878
695 396
363 238
285 716
632 430
942 786
842 166
40 480
407 563
387 775
928 738
814 261
226 671
787 449
221 737
239 710
780 558
976 841
463 229
853 345
704 535
490 316
523 332
39 443
154 847
29 379
934 353
367 999
313 115
832 71
408 767
670 937
380 618
243 554
265 798
553 22
514 415
456 956
526 753
383 219
797 757
289 774
240 317
298 558
222 778
177 932
242 674
212 340
105 792
917 978
202 831
34 792
830 350
618 54
746 195
55 544
119 608
941 786
70 254
296 243
107 603
610 48
394 22
374 647
421 581
735 250
802 595
404 603
425 691
668 158
349 747
475 943
840 834
981 494
282 585
936 541
215 611
164 909
783 478
806 269
208 222
698 387
241 71
844 536
407 510
665 963
151 708
645 830
798 462
550 831
613 318
598 703
301 728
608 631
193 30
995 127
450 581
449 157
377 224
286 8
497 34
660 856
587 159
837 668
415 650
471 399
42 816
187 648
258 736
636 360
111 949
297 262
464 685
278 341
762 893
597 157
473 663
64 989
727 830
785 526
338 766
42 206
408 975
450 754
199 303
451 848
232 820
918 874
588 308
872 646
694 521
381 481
385 947
518 295
604 635
444 967
605 977
458 361
588 158
404 966
487 557
846 212
698 729
741 960
883 876
543 166
333 348
404 959
356 250
341 606
891 629
641 108
506 281
992 952
53 64
693 61
341 365
119 866
658 122
969 610
345 444
955 184
2 53
188 237
980 667
176 947
564 413
574 322
719 971
373 608
744 479
377 317
455 434
73 407
109 306
314 991
195 342
950 683
941 426
551 221
544 924
386 109
980 463
116 254
570 306
698 911
475 406
201 834
226 773
192 852
840 85
65 685
441 995
421 434
130 801
97 703
556 745
324 131
120 176
195 358
599 727
678 572
931 4
316 592
237 881
144 353
621 786
94 598
822 926
236 190
41 590
670 463
11 9
185 88
613 99
782 729
624 165
619 343
552 626
671 443
954 778
789 859
568 923
517 813
861 801
519 870
327 169
262 298
998 636
800 131
749 662
186 656
862 227
777 277
769 903
206 694
21 901
856 842
187 952
507 72
165 260
142 403
314 103
384 346
605 113
887 477
790 765
294 283
290 359
597 264
829 733
676 635
116 401
651 903
441 751
536 608
963 555
809 269
22 888
768 987
622 143
633 746
847 922
463 504
447 267
537 871
185 255
608 683
481 65
636 942
861 190
719 141
736 215
83 739
980 923
204 311
586 721
867 309
43 920
853 177
893 130
828 276
479 441
583 592
93 187
493 860
373 157
903 250
523 575
410 910
554 559
694 976
210 547
987 311
742 941
219 325
216 584
140 460
904 452
501 283
29 204
658 803
374 299
165 544
34 499
476 334
668 104
475 346
675 256
64 377
888 935
650 700
877 204
954 700
586 600
123 182
241 849
321 99
948 136
240 783
350 82
789 138
156 388
744 484
945 361
604 845
19 354
884 94
157 830
394 457
398 852
525 947
163 705
758 3
53 895
204 571
137 117
748 224
487 919
116 24
442 636
489 759
397 285
22 19
884 394
467 584
583 675
652 374
364 690
793 967
564 696
550 557
593 64
929 160
405 161
716 648
41 319
406 202
326 428
732 825
685 597
110 701
184 458
898 225
242 4
631 264
677 357
200 724
688 177
887 45
53 329
771 52
847 326
995 393
209 315
925 424
588 407
310 153
267 846
212 940
661 812
253 226
180 479
92 992
539 685
68 463
862 806
65 619
779 137
801 282
566 311
107 923
467 547
598 78
558 114
271 427
322 150
403 315
890 848
177 659
381 319
38 530
745 443
708 375
440 346
276 839
629 191
926 361
964 318
363 82
829 966
228 135
676 439
423 674
162 149
724 935
529 639
291 409
689 31
789 168
560 857
606 234
72 166
189 678
410 176
191 202
503 599
504 877
927 595
302 655
603 571
301 604
680 709
783 608
722 804
49 386
839 232
123 161
947 884
596 389
826 259
296 629
357 278
890 655
498 969
225 923
494 937
813 144
813 646
312 450
15 425
945 181
854 244
900 915
993 574
346 45
996 291
723 422
357 145
715 955
123 723
807 359
960 149
112 942
117 698
348 534
896 450
410 226
737 658
347 381
918 687
344 166
865 750
637 774
598 279
577 805
771 64
416 134
571 281
502 337
708 349
53 166
561 316
938 594
328 657
261 493
503 528
481 24
810 866
317 109
739 918
887 598
955 64
338 226
134 282
132 876
574 3
331 695
610 924
162 996
473 728
452 953
972 479
93 884
253 872
802 136
736 141
148 86
417 797
768 688
35 137
954 936
335 560
233 767
657 208
603 622
868 692
677 433
673 867
185 18
930 195
878 958
637 930
225 787
808 333
521 206
837 949
835 549
784 485
616 31
862 84
322 547
102 492
784 956
984 692
680 160
871 166
39 345
966 594
258 746
178 296
495 527
654 427
960 596
31 779
98 801
70 367
588 733
122 452
940 712
141 428
64 377
819 809
33 151
802 607
170 55
692 318
865 4
59 464
277 665
403 826
927 249
186 527
871 561
123 787
167 754
482 685
776 974
969 928
372 63
273 96
158 517
212 610
561 119
127 466
858 115
647 247
148 11
455 332
886 168
206 616
260 794
211 122
697 278
580 182
758 600
365 690
280 190
216 947
913 501
121 354
27 609
605 863
116 436
942 778
546 856
920 78
944 486
705 947
204 712
802 963
661 483
644 549
590 641
425 358
498 860
497 389
329 967
252 743
760 70
62 156
242 870
761 95
164 106
964 639
565 749
469 938
430 41
381 295
776 381
111 973
512 81
721 895
46 994
751 655
377 917
243 206
572 163
965 367
332 188
857 832
362 871
531 417
44 483
843 395
196 153
276 685
256 408
122 298
822 922
106 359
185 431
901 617
538 283
180 708
728 484
291 95
770 308
285 806
396 285
47 793
508 99
628 826
904 683
331 591
890 39
221 23
168 932
405 459
136 351
786 833
497 276
75 684
111 826
845 330
703 184
102 12
761 565
53 536
79 289
821 917
893 211
373 332
899 421
661 409
621 755
831 189
513 580
199 697
193 719
515 365
895 546
216 202
839 915
419 859
439 639
150 311
475 144
397 998
604 793
62 64
620 819
648 916
653 811
311 207
889 140
466 761
922 377
894 129
147 463
510 904
885 827
269 800
94 384
289 172
372 235
959 907
866 151
590 178
841 406
407 213
134 185
853 987
569 982
694 536
76 932
443 669
191 898
244 152
22 339
339 909
739 427
239 459
823 600
93 30
567 716
624 296
747 652
939 225
543 858
196 73
123 634
239 5
912 722
55 856
562 656
493 18
875 626
964 594
988 588
348 167
49 778
541 848
254 503
547 2
111 380
460 628
105 153
54 835
4 444
641 262
449 665
987 938
519 433
26 279
184 782
972 71
934 123
184 264
264 11
99 152
706 270
866 77
618 517
802 199
277 464
253 302
376 188
631 700
544 842
835 257
734 746
943 494
55 779
448 14
293 880
750 618
189 379
996 663
190 966
656 735
544 950
881 948
316 941
220 396
809 845
313 37
135 364
47 372
805 495
993 924
606 798
528 678
183 189
873 288
970 256
646 383
690 893
172 995
702 393
619 132
775 777
277 491
897 339
855 567
366 692
937 479
505 363
58 345
169 0
966 109
605 402
501 339
178 376
113 951
444 640
736 529
584 200
701 345
755 946
56 585
728 689
532 574
308 409
366 693
334 624
890 224
669 281
712 494
863 951
767 648
8 827
429 221
857 671
416 985
166 742
798 704
245 601
713 173
822 132
853 940
53 150
36 485
370 31
81 175
869 16
343 278
635 794
404 449
991 622
628 646
353 845
811 995
96 1
892 828
147 328
678 30
948 153
977 731
810 554
86 962
223 934
33 474
597 789
393 805
46 437
657 221
518 591
167 814
363 602
77 281
632 714
576 112
367 103
246 464
308 263
270 193
697 931
257 439
632 677
825 21
377 591
677 230
210 767
432 360
953 251
41 428
600 58
191 388
386 278
473 186
782 318
361 876
533 183
200 566
911 618
698 328
239 377
903 350
643 422
434 337
494 271
450 99
746 873
628 166
663 344
399 801
992 710
792 689
99 535
64 615
533 448
500 89
508 479
147 828
511 989
978 453
728 803
217 24
298 244
401 165
477 167
581 453
248 631
437 65
356 667
625 290
139 181
139 646
285 122
227 202
369 506
951 391
275 778
392 82
735 474
224 553
675 95
369 324
925 702
8 577
602 358
877 749
878 750
704 153
85 175
704 57
804 476
45 674
677 118
483 911
656 936
655 207
478 775
320 34
563 690
598 700
538 401
385 596
486 406
628 673
270 39
866 703
57 341
316 184
75 717
232 822
495 177
669 747
476 190
884 295
826 726
897 279
963 315
262 121
415 637
856 350
240 568
363 736
914 448
747 95
323 682
656 241
407 415
981 371
90 47
963 430
720 498
104 743
996 143
398 206
396 28
367 692
973 420
915 568
275 982
305 282
806 273
119 761
645 490
262 384
305 829
367 226
394 110
460 69
622 731
393 114
756 105
516 508
392 867
613 140
91 983
73 48
825 257
682 545
978 449
986 414
73 969
85 208
819 8
793 217
485 474
159 427
953 362
956 94
858 499
823 380
394 585
630 499
308 174
923 583
768 152
286 163
455 68
799 135
222 238
692 241
550 262
870 682
262 67
175 70
380 333
743 499
464 754
244 988
499 100
872 885
410 651
551 896
103 97
503 991
251 132
431 141
326 364
118 228
792 267
953 706
522 489
558 455
312 307
540 390
993 349
396 380
66 125
37 736
206 897
712 82
961 561
604 889
358 8
46 713
26 642
980 456
212 584
361 570
732 230
507 105
242 410
676 314
865 589
580 724
635 225
973 613
573 670
949 349
424 145
775 801
823 360
66 551
973 458
522 258
816 343
104 57
325 730
294 986
801 575
946 481
335 236
956 232
961 749
919 988
414 623
773 204
129 170
193 797
113 670
876 843
199 791
652 368
106 292
719 764
344 376
1 174
546 963
812 759
996 498
521 330
521 671
956 561
218 548
153 151
402 441
224 205
911 520
948 761
982 416
387 168
453 180
320 129
212 981
180 756
129 648
774 496
617 30
633 99
769 681
999 159
150 855
971 423
713 530
365 86
349 166
513 452
300 384
989 754
248 36
89 943
520 751
838 483
204 764
151 824
759 571
601 133
626 196
120 706
511 389
562 215
920 62
542 528
727 376
481 178
963 397
173 157
246 371
227 832
139 907
286 629
682 316
362 295
842 606
613 487
401 919
65 605
619 215
927 953
406 775
929 239
8 687
61 894
576 249
619 328
451 631
132 482
380 954
683 109
570 20
1 222
753 886
612 819
539 13
965 73
20 641
668 586
644 925
42 109
536 159
893 261
761 284
54 247
406 284
983 462
276 106
516 187
516 103
627 354
465 218
870 312
274 190
147 867
782 234
7 231
226 551
166 894
603 680
936 90
966 516
616 196
312 190
615 691
549 567
917 861
967 595
656 563
167 243
325 719
608 606
789 971
519 194
589 267
946 632
776 477
601 907
603 441
42 457
356 850
349 625
634 518
271 591
531 596
47 24
172 323
801 72
330 686
660 321
219 346
881 624
379 766
374 770
431 564
57 151
837 272
560 808
907 8
655 239
235 367
427 179
755 614
176 825
274 161
941 190
102 683
598 409
893 761
4 913
715 518
975 591
398 841
163 693
196 437
284 953
665 735
882 551
387 485
978 939
25 638
717 215
126 628
685 469
54 835
630 412
386 813
310 171
991 647
268 729
205 479
867 519
335 307
619 18
868 541
792 981
678 776
582 855
214 939
164 677
8 788
845 995
815 660
496 92
725 81
228 914
960 222
336 823
222 535
5 571
525 682
472 11
462 870
742 405
198 131
100 999
221 788
139 812
288 10
765 33
610 61
184 335
569 709
793 478
25 200
375 128
269 725
376 623
497 444
537 356
818 590
184 568
971 931
438 871
83 812
435 458
585 346
645 594
278 728
349 508
695 439
534 131
698 205
940 242
366 731
903 939
160 777
407 351
796 562
282 704
160 481
549 303
708 549
454 226
755 465
251 688
344 766
578 136
12 697
354 15
924 58
381 509
444 222
675 935
807 176
203 8
144 80
570 555
867 14
130 39
552 241
757 885
59 505
62 751
364 882
886 410
981 390
1 809
341 190
266 475
405 383
698 28
315 908
969 61
955 608
489 177
89 417
82 341
276 486
995 781
738 537
951 281
857 367
509 729
739 411
484 969
647 192
506 977
542 737
22 781
292 354
883 879
743 869
957 499
882 710
915 676
454 553
392 182
664 349
324 575
649 676
669 998
819 994
565 174
976 448
185 739
521 358
767 420
479 14
244 442
305 84
823 578
441 695
140 458
980 506
643 644
83 783
67 160
86 442
75 401
343 483
265 841
760 591
601 172
6 864
786 390
264 644
23 207
593 0
324 446
841 524
489 381
856 991
69 357
353 423
828 737
720 306
339 787
856 759
724 668
769 377
856 611
138 927
813 223
482 479
979 264
490 166
526 39
616 786
110 944
641 109
684 371
326 690
787 178
142 804
676 988
928 930
23 466
514 171
364 973
438 713
462 505
644 140
895 901
989 469
322 693
643 204
744 642
55 450
552 22
81 676
644 148
536 309
390 928
393 561
912 315
323 555
784 314
430 71
781 31
875 328
751 264
175 406
174 803
847 870
648 740
702 801
404 432
759 559
691 804
551 428
208 75
449 218
15 278
566 218
338 425
474 206
983 369
538 610
574 764
798 548
859 992
150 792
914 193
867 97
343 311
949 495
108 965
779 427
27 892
780 718
837 289
550 708
510 365
511 528
272 173
864 146
697 124
24 758
890 495
794 676
164 95
651 563
875 567
369 807
752 12
494 371
778 13
333 520
47 865
498 957
490 181
438 807
446 591
955 264
240 907
750 563
597 771
927 377
951 764
674 839
81 488
475 687
285 315
470 726
471 386
538 699
241 790
229 868
875 248
672 760
253 346
302 480
213 325
678 275
436 430
137 455
245 29
268 97
440 453
282 918
225 261
572 500
570 276
969 530
564 964
489 280
685 304
573 655
216 770
850 41
768 437
807 688
741 765
682 368
7 651
626 187
275 85
674 602
628 675
801 51
759 613
666 744
691 933
195 111
278 112
933 975
412 116
67 676
29 410
86 750
170 66
6 950
740 176
389 308
434 783
174 398
627 143
130 854
77 912
778 70
109 520
908 666
167 624
534 305
798 144
144 775
213 346
564 247
377 136
72 422
199 700
711 104
559 648
876 975
295 500
669 195
95 498
3 701
780 15
828 747
991 237
896 206
788 774
529 519
336 908
839 718
658 360
313 742
292 595
698 849
285 939
268 978
542 451
368 564
651 11
104 893
148 979
541 131
796 262
248 662
826 160
987 128
34 536
308 49
26 269
268 65
374 925
250 973
166 807
398 2
688 773
912 51
445 734
181 13
773 467
326 316
650 851
947 882
683 174
503 150
576 181
617 259
948 26
204 278
626 767
360 486
251 778
850 111
948 496
198 81
919 604
176 125
470 899
804 600
658 116
341 900
688 224
856 720
659 103
2 505
602 456
14 826
320 542
385 663
529 507
578 975
515 487
40 350
330 313
184 307
148 293
433 573
969 143
574 622
493 390
895 380
128 268
760 252
978 321
870 200
834 758
703 326
645 615
830 540
232 495
895 230
285 721
201 904
989 313
457 969
812 395
850 551
78 966
604 434
781 567
333 955
628 289
671 169
357 923
305 400
855 667
305 529
160 41
639 34
535 561
528 428
260 83
50 93
788 325
180 954
975 406
382 421
384 542
642 194
672 564
645 891
77 57
630 703
329 771
891 69
391 846
186 658
982 872
806 174
127 734
671 534
325 731
68 479
114 605
135 274
45 527
220 109
782 281
564 914
853 352
373 289
55 118
299 308
543 250
565 269
653 868
46 742
666 710
28 896
571 242
522 834
218 916
582 800
122 798
396 676
281 748
811 991
400 57
302 844
846 960
361 818
741 267
524 358
265 376
572 539
757 894
618 937
12 647
327 105
337 346
424 350
461 912
152 397
464 497
821 561
970 60
399 620
590 888
710 314
5 785
720 497
94 555
900 920
288 817
552 680
411 452
285 280
457 486
481 44
186 326
55 235
380 574
624 705
854 795
131 313
853 878
777 80
522 521
538 679
801 297
852 759
470 362
567 728
238 949
682 751
132 590
171 275
366 74
603 803
547 865
879 297
865 710
111 538
545 635
765 447
116 759
923 880
455 920
435 620
130 600
979 119
528 24
677 538
808 385
763 63
436 328
164 583
715 110
998 227
432 18
76 71
526 79
361 163
883 235
861 547
733 956
500 35
144 103
444 546
354 77
496 442
621 118
79 612
690 656
414 982
273 906
667 323
660 150
5 571
21 82
534 433
920 616
929 941
892 694
292 486
825 374
121 135
346 442
391 278
246 620
126 484
372 515
355 921
430 399
928 591
790 854
909 292
249 337
916 526
637 52
608 100
805 237
612 510
716 389
387 640
408 386
104 544
1 50
481 569
858 100
256 373
123 554
266 105
319 711
564 353
306 858
125 885
920 528
589 500
448 858
632 563
917 417
178 863
197 701
464 933
757 209
529 302
106 124
59 380
147 266
127 330
201 451
800 842
252 425
262 372
960 769
890 588
181 798
445 808
910 355
498 524
715 746
668 102
249 179
665 836
362 97
822 582
682 282
664 547
998 664
34 211
869 538
332 740
800 725
557 708
132 228
881 414
672 256
460 96
960 221
50 261
267 545
450 962
741 801
931 771
131 754
534 286
596 923
998 90
201 849
423 609
994 780
549 606
611 418
630 277
657 934
477 270
83 277
852 888
176 471
392 93
187 347
935 103
978 231
877 849
37 733
312 139
337 915
73 628
69 143
745 991
568 111
634 696
504 111
127 984
640 918
893 304
754 582
480 380
58 963
829 306
779 41
738 360
882 51
194 57
143 387
866 108
621 577
818 733
48 365
782 294
816 568
406 712
876 53
522 26
39 807
199 836
662 978
552 195
910 922
809 504
64 171
798 542
926 655
583 546
944 365
738 547
351 449
74 968
957 521
888 779
757 14
434 522
637 545
674 146
58 871
28 343
924 214
79 990
755 337
600 644
743 644
44 734
364 788
822 404
397 664
321 801
716 342
391 255
144 989
228 779
2 527
271 542
684 912
581 224
898 520
848 94
570 144
379 48
991 655
431 113
928 539
791 867
361 828
246 758
35 937
190 866
963 422
251 59
436 693
354 807
182 543
210 601
151 457
230 258
755 539
175 616
859 313
937 894
744 668
346 547
182 53
242 895
212 702
723 132
308 982
545 510
849 464
236 619
713 608
540 982
137 455
683 896
604 616
543 745
969 616
975 588
643 333
365 139
45 149
127 168
709 124
995 323
509 992
591 371
570 35
301 726
279 187
921 16
299 471
985 131
217 469
658 572
686 325
70 461
197 937
291 933
996 537
520 554
389 826
382 551
685 296
555 456
960 433
853 65
379 808
699 694
130 966
810 347
147 40
868 381
509 363
770 958
350 230
264 240
189 48
420 423
487 895
16 638
437 823
638 164
195 19
928 301
889 439
421 142
810 973
131 335
282 900
793 971
843 346
792 525
671 250
993 517
579 797
763 773
62 738
860 278
131 321
675 727
418 615
850 498
750 147
521 0
766 253
558 748
279 546
581 256
729 383
602 388
478 102
690 744
531 450
926 581
194 698
497 331
486 179
786 580
18 926
954 375
394 223
96 872
588 244
871 214
125 669
931 648
465 861
805 151
189 902
512 616
910 942
599 650
30 876
534 285
733 152
502 647
607 698
321 897
740 509
81 232
703 832
454 375
487 977
942 430
397 641
580 668
71 633
809 613
249 454
391 387
58 604
625 390
395 200
957 584
927 365
586 530
313 579
941 363
505 980
611 397
639 338
498 608
653 60
894 190
211 155
652 348
4 726
501 721
826 313
914 766
286 258
343 36
955 844
918 6
824 364
738 185
280 665
41 144
568 231
50 769
843 222
442 96
737 393
118 856
246 86
289 37
27 162
132 468
815 736
158 608
384 497
847 729
204 589
626 709
332 672
412 266
672 381
328 646
293 148
752 408
939 400
786 422
875 416
614 305
143 680
663 184
122 843
673 54
545 495
643 796
467 74
311 849
220 348
257 833
72 207
395 447
660 893
252 590
154 434
642 952
316 531
318 807
892 806
406 504
935 70
404 298
366 520
204 817
651 551
235 196
132 40
946 918
0 497
891 998
807 830
531 704
664 522
498 823
600 588
133 29
515 582
417 642
584 867
216 746
416 34
957 107
280 867
362 909
711 590
351 22
780 916
936 695
341 914
901 276
606 967
678 639
677 327
235 350
904 870
899 831
42 674
908 214
403 118
835 668
579 253
663 506
971 780
58 796
62 292
334 792
554 444
305 537
473 312
686 394
933 781
994 708
629 270
421 127
357 791
108 420
111 587
143 437
453 612
536 597
668 537
489 617
29 803
832 617
5 721
743 160
308 976
726 853
591 467
379 190
16 39
782 71
163 553
338 489
658 30
663 44
201 310
55 466
62 404
592 423
985 866
517 358
642 870
307 350
221 112
292 394
144 857
234 22
175 875
82 486
938 393
508 947
94 296
795 883
384 10
912 607
475 6
309 992
324 458
919 935
446 134
998 772
445 670
820 755
29 153
919 346
661 201
861 558
749 533
990 428
706 537
17 957
886 567
64 775
783 720
581 198
413 572
648 14
88 475
948 704
793 481
669 833
516 203
379 249
849 641
505 638
5 496
646 68
494 866
724 522
329 616
140 499
754 413
112 517
16 775
459 8
425 282
969 360
303 924
16 775
464 975
314 83
886 359
889 643
875 918
165 657
909 425
317 800
867 287
713 744
177 43
819 720
798 557
24 861
595 119
315 784
376 41
974 833
269 645
983 870
0 606
254 938
389 865
398 231
777 45
4 928
461 739
416 696
638 458
803 493
140 714
823 271
693 858
595 50
674 435
945 757
1 138
173 852
912 186
135 193
865 756
50 57
908 54
59 411
72 818
303 409
647 590
611 465
388 415
467 301
629 489
249 15
538 882
773 263
726 636
560 197
143 668
97 852
46 673
834 965
104 602
405 271
957 726
532 634
555 955
505 306
849 578
432 921
77 87
595 496
537 464
708 416
360 328
476 329
627 350
299 881
793 601
479 457
717 916
962 839
480 443
57 662
500 187
374 550
587 557
924 706
619 329
797 534
393 764
217 269
200 691
401 457
569 878
499 321
609 633
886 165
507 107
496 749
808 476
966 39
77 316
347 173
839 449
783 947
78 434
32 83
751 900
670 812
345 93
725 187
494 454
901 385
345 883
573 804
311 723
586 640
946 233
541 332
660 406
689 247
973 970
968 244
344 40
458 955
483 694
68 527
648 80
151 575
582 57
113 182
417 688
192 983
861 683
293 407
776 122
225 99
310 761
950 662
413 937
804 600
755 458
261 253
669 461
342 998
288 529
878 152
722 414
241 929
436 516
531 790
763 998
308 927
740 692
987 25
314 247
56 416
330 610
839 851
78 994
36 868
785 404
897 288
403 747
935 764
768 242
621 733
681 759
71 22
330 471
983 686
68 461
871 728
97 432
611 929
571 26
132 70
165 349
812 524
412 672
47 358
860 964
824 752
944 706
769 207
146 136
701 154
890 600
951 96
743 415
546 875
131 702
960 973
31 898
217 461
432 710
563 762
850 847
676 162
66 360
608 956
745 399
626 356
162 175
868 822
803 63
332 88
155 51
616 733
688 27
159 860
17 889
304 392
239 834
339 657
574 37
35 945
744 465
864 662
371 536
330 130
66 653
102 311
456 798
132 357
80 145
914 557
808 794
83 756
774 520
716 220
293 605
801 705
716 410
153 831
799 674
214 663
484 341
657 770
284 207
592 772
385 508
738 922
417 345
188 679
322 189
557 743
910 811
211 845
9 401
647 532
214 121
799 213
709 414
671 98
478 458
688 829
35 4
532 841
260 51
672 617
916 260
64 725
762 221
569 983
463 189
346 567
142 15
807 845
492 450
546 204
494 953
534 164
537 498
288 840
110 159
778 85
422 688
749 226
512 133
50 929
250 422
884 850
196 492
17 852
513 251
785 831
150 733
246 218
356 850
608 294
308 169
502 623
633 733
981 98
854 52
28 101
171 791
92 346
322 841
775 932
374 794
626 484
828 235
8 405
831 110
634 767
626 59
269 233
445 305
584 761
545 938
404 155
612 186
252 774
741 64
94 769
663 817
960 56
585 248
403 808
118 159
404 63
754 242
75 55
518 707
347 784
8 47
140 707
629 391
652 590
785 673
85 313
655 855
565 947
872 204
563 371
979 262
733 480
459 840
47 980
963 354
970 679
905 794
820 245
132 611
624 980
3 264
540 492
696 279
785 829
687 730
283 464
576 410
103 177
642 158
628 994
606 681
723 93
875 718
150 201
778 575
812 881
897 929
843 921
609 773
58 961
213 258
741 681
524 352
777 407
468 531
575 388
48 585
95 967
358 522
309 846
961 786
928 19
582 898
428 287
490 0
921 312
399 713
748 206
821 386
878 518
644 534
167 331
70 130
717 982
696 662
480 683
317 740
710 974
303 244
76 445
374 513
494 489
11 52
264 296
694 752
382 626
398 314
621 247
515 833
616 547
447 538
426 314
281 795
615 639
782 117
643 553
621 952
960 229
943 545
798 428
105 396
580 824
610 596
203 725
227 929
674 213
702 212
403 429
927 909
697 117
507 717
185 755
530 856
24 599
743 656
388 245
34 835
401 655
897 493
743 479
691 365
270 9
399 907
980 949
856 325
447 585
968 977
302 731
684 620
832 715
249 463
755 602
898 742
902 520
247 655
710 75
365 302
540 850
360 740
331 773
923 962
972 215
467 966
497 336
599 54
253 389
448 282
543 222
767 904
7 585
614 597
100 349
439 952
503 9
65 249
258 683
902 499
456 851
604 988
923 534
381 841
745 367
623 885
529 892
869 667
521 916
560 717
722 256
11 71
650 509
729 996
385 133
190 998
617 232
528 393
58 931
811 768
457 857
459 300
639 13
65 504
530 33
663 510
835 475
868 694
793 358
579 668
14 385
57 79
464 446
633 382
549 58
216 711
368 309
326 536
424 131
770 643
702 590
285 799
350 67
259 958
397 371
806 426
409 858
99 963
663 813
41 202
419 507
906 454
291 778
152 843
653 677
460 828
192 854
305 860
842 584
15 317
135 97
758 489
173 505
891 30
527 538
635 715
400 350
248 922
365 925
82 507
651 146
355 634
481 588
974 874
741 603
368 556
548 668
162 597
709 315
968 55
883 267
577 253
560 510
241 654
277 897
577 353
715 186
242 535
845 619
585 325
211 754
682 396
452 48
292 781
843 395
196 308
726 110
386 415
889 499
213 806
759 94
437 503
766 148
756 7
193 259
830 183
893 785
16 482
752 489
274 278
404 826
676 956
863 553
444 127
965 914
301 732
578 254
552 690
590 742
403 439
422 569
525 488
554 859
522 464
951 914
521 603
191 865
728 357
695 107
677 48
101 658
401 564
276 389
851 368
702 119
275 813
42 889
872 861
295 115
318 641
515 419
475 763
312 526
526 488
318 438
207 509
755 40
121 703
889 264
381 391
73 972
520 812
428 503
854 47
113 438
974 366
694 22
472 444
87 350
267 272
597 33
786 992
739 202
893 208
887 161
910 748
371 890
623 594
206 3
102 232
490 937
924 277
655 601
799 398
229 175
250 168
194 921
498 817
926 646
117 379
402 795
850 910
286 848
92 385
652 877
968 502
922 890
563 701
871 585
915 108
848 711
388 574
745 853
882 535
476 631
136 687
864 598
114 869
960 903
389 364
972 552
421 136
221 332
203 321
930 450
698 170
652 851
290 951
607 875
560 116
45 557
924 96
25 218
588 254
192 721
82 417
775 145
382 348
204 341
561 419
208 452
20 958
28 839
271 870
585 243
559 659
215 156
566 820
431 467
165 465
715 385
212 368
172 777
265 67
30 254
938 588
77 46
996 18
789 469
955 864
188 320
963 891
767 662
389 198
544 460
937 371
199 605
269 656
935 108
98 152
198 102
261 514
892 330
145 611
916 816
693 288
872 38
88 760
216 54
155 121
40 63
118 437
880 38
387 351
531 439
10 45
862 770
502 1
177 822
572 209
699 81
333 248
486 202
816 724
114 117
986 742
376 316
564 398
562 715
635 307
564 924
587 182
604 476
352 150
594 763
68 117
452 600
209 355
11 436
666 856
955 575
986 463
176 678
324 651
124 465
464 251
814 448
430 320
663 177
591 502
341 331
246 704
856 585
821 374
160 653
861 466
25 340
347 965
120 394
696 575
4 207
721 605
637 970
571 641
970 433
669 729
559 751
283 825
699 554
38 28
871 139
942 696
564 619
159 308
449 524
243 677
902 432
282 710
754 734
150 835
8 211
960 204
446 193
615 271
327 15
519 346
521 669
252 43
541 714
335 361
728 504
686 160
639 501
380 426
659 609
220 575
868 577
152 843
657 331
157 635
943 684
690 741
718 672
298 188
390 587
435 947
363 976
643 9
559 52
383 859
419 741
897 327
980 591
337 865
900 66
845 70
368 537
484 469
924 279
234 420
501 731
289 871
874 397
701 224
520 222
288 924
619 734
257 736
109 417
160 560
468 71
953 750
545 435
327 197
193 241
248 707
358 896
747 658
404 129
652 87
64 792
368 710
485 415
481 9
199 280
585 902
266 819
208 105
68 922
326 754
400 758
304 899
902 73
141 722
48 581
435 58
837 52
3 577
16 559
757 217
902 985
357 943
801 507
691 580
223 522
190 225
527 57
544 337
668 861
36 273
149 15
114 698
168 650
605 616
135 583
894 799
25 576
674 695
90 147
307 806
183 583
938 236
321 738
59 189
704 153
191 715
868 925
87 968
700 391
351 850
115 647
22 526
709 47
260 548
743 674
9 472
34 773
689 385
932 294
848 615
477 62
804 152
426 886
838 386
976 449
320 250
794 704
281 754
223 595
323 19
7 478
803 245
514 582
58 209
142 578
74 873
810 91
561 180
415 464
517 785
191 214
782 232
264 199
205 321
951 960
828 80
158 901
16 581
157 581
590 743
94 124
390 249
409 827
835 561
512 810
771 974
752 405
938 332
878 285
562 584
809 754
755 526
174 46
235 471
477 502
467 729
903 660
528 673
53 671
557 415
835 952
458 653
384 501
620 525
887 74
727 970
421 564
172 369
721 686
904 180
639 543
838 902
750 923
664 716
202 786
792 724
16 684
524 253
544 7
585 787
945 841
100 526
233 432
150 698
883 852
77 758
234 603
655 643
750 592
561 691
359 335
544 285
531 233
658 735
789 73
890 980
614 577
838 928
490 328
611 32
410 570
116 802
712 614
183 202
84 203
725 62
16 485
988 608
252 50
2 447
26 565
60 795
156 55
186 504
437 781
926 450
701 189
964 446
538 194
65 529
426 414
967 771
587 715
592 98
972 772
376 774
483 724
907 864
697 247
902 109
752 114
526 764
891 167
670 556
898 72
898 152
380 115
733 54
108 98
358 479
216 740
223 398
715 558
385 829
843 741
355 493
569 76
495 631
204 74
898 145
540 564
898 40
979 699
561 588
963 449
326 732
926 255
955 72
635 572
915 91
892 52
883 50
699 404
714 243
130 654
153 806
817 151
485 487
210 600
751 180
739 932
74 390
703 815
510 549
124 941
631 610
767 992
290 612
544 879
199 972
588 697
679 559
122 210
34 72
285 491
202 342
844 149
753 529
201 800
854 148
760 833
180 639
100 11
737 304
846 35
42 21
150 190
917 329
328 874
10 171
711 378
844 221
714 622
461 697
824 293
666 55
970 640
732 571
930 515
129 323
351 410
634 923
965 806
533 428
112 126
752 436
470 762
424 101
9 674
144 121
457 671
747 179
179 35
94 683
698 410
704 224
535 392
767 820
525 730
782 292
361 43
272 477
572 655
435 64
239 527
332 24
619 47
956 827
549 307
337 973
344 818
619 595
296 215
279 762
428 511
668 385
379 533
761 903
231 213
470 226
673 169
937 795
7 278
471 177
256 993
261 219
158 484
437 863
784 726
351 364
621 259
575 823
11 869
10 960
856 312
391 147
235 792
913 476
452 742
63 541
842 29
875 542
579 661
100 193
511 944
393 378
640 731
983 292
439 470
315 278
721 347
35 724
421 601
900 986
255 804
378 508
71 719
148 543
874 922
467 759
619 398
401 651
804 531
18 999
490 771
111 784
872 52
782 119
452 855
88 442
66 293
3 584
678 733
65 680
731 522
221 163
369 412
956 466
413 326
515 298
977 589
345 533
410 622
371 775
246 387
492 621
43 431
517 932
488 230
703 297
729 774
134 718
705 786
552 268
816 657
19 247
460 777
84 655
880 461
705 109
814 896
236 433
711 859
269 615
93 7
269 609
187 107
795 342
459 240
630 750
897 153
640 421
618 337
381 775
551 35
786 800
943 250
763 588
999 389
592 414
546 592
699 972
472 238
148 683
146 288
736 244
815 26
49 627
274 991
436 591
206 581
445 221
254 390
50 1
127 16
303 569
723 218
739 243
301 129
808 221
79 514
369 229
210 878
553 283
192 952
834 743
672 608
473 859
266 376
416 561
476 588
120 274
160 129
783 815
897 1
216 311
608 568
312 562
725 470
273 811
333 519
633 708
623 872
361 334
458 612
717 249
16 377
132 199
50 582
217 163
506 775
723 433
162 342
711 891
646 126
967 414
327 433
748 438
965 277
359 421
874 126
689 828
152 153
411 911
271 539
537 650
229 950
964 673
634 788
558 697
335 658
85 627
83 685
524 90
655 285
304 512
866 93
844 969
897 443
516 949
348 870
542 71
635 296
689 143
318 671
942 126
660 85
584 392
169 163
876 434
155 715
760 431
458 960
10 338
254 881
726 529
434 918
451 183
288 206
146 850
711 548
50 908
73 932
172 560
909 929
828 81
759 667
2 237
978 996
640 707
555 373
666 576
747 131
244 202
603 856
667 391
945 116
7 415
190 770
132 683
833 122
517 129
856 529
813 229
501 459
658 106
342 500
673 616
572 878
642 683
544 794
450 64
129 691
856 807
718 869
542 619
294 210
703 787
767 331
90 38
592 981
60 897
950 830
121 594
298 598
204 514
762 97
87 927
15 482
927 314
463 630
557 307
773 192
902 225
531 684
927 366
445 904
959 582
690 335
869 148
380 103
317 222
755 703
976 598
615 436
413 210
444 705
933 349
91 369
407 649
881 62
101 481
912 894
209 998
919 563
846 587
586 106
437 481
892 575
681 585
765 836
27 4
508 684
59 464
3 363
123 87
796 521
567 649
592 972
195 841
979 973
894 766
398 213
148 843
56 745
111 19
452 761
59 247
711 970
880 432
282 746
792 735
422 42
199 503
910 445
76 869
211 115
804 405
98 297
269 766
59 8
786 521
376 528
84 969
514 609
610 114
931 685
226 266
991 298
541 809
672 332
29 147
117 840
921 155
314 400
236 731
649 873
735 314
496 861
508 619
809 316
47 124
885 373
358 985
619 954
171 502
393 642
292 584
92 290
681 937
591 976
736 702
582 846
978 763
544 180
366 590
872 289
281 499
278 371
269 268
44 956
648 524
510 618
497 208
820 984
229 105
919 291
490 235
923 409
471 366
508 412
558 376
944 665
724 453
690 870
341 514
641 253
479 316
295 725
262 659
373 774
492 164
175 657
296 617
637 805
648 918
42 780
44 453
21 976
345 992
286 631
924 138
970 443
426 811
943 115
480 616
938 300
651 461
889 494
557 284
985 283
501 691
982 74
547 721
796 68
145 854
792 86
606 975
141 886
29 535
208 492
166 96
400 613
819 49
612 185
198 253
920 629
150 263
790 628
764 435
916 391
604 649
39 370
617 820
69 538
522 874
53 947
279 155
339 619
454 714
354 28
519 265
430 359
0 757
603 484
10 857
209 672
946 723
98 325
710 536
458 831
274 352
409 508
903 389
929 769
933 462
261 896
935 411
802 146
379 386
135 313
648 339
245 201
663 731
163 169
459 992
351 128
505 621
689 654
140 326
22 911
598 551
530 189
737 712
661 935
350 471
676 264
87 314
842 232
585 363
52 920
589 853
176 245
789 801
298 317
139 558
642 808
724 932
935 20
398 683
88 36
491 518
385 875
734 71
340 344
101 905
686 689
929 147
757 981
20 696
14 531
665 577
876 855
228 324
266 307
634 159
928 12
564 561
258 404
126 62
663 458
45 562
31 87
939 61
832 982
651 252
466 344
350 109
392 756
885 810
973 284
587 933
29 896
132 638
812 702
498 429
406 748
551 446
722 5
430 920
10 281
867 125
597 25
32 309
505 863
464 327
371 536
224 652
817 554
653 119
946 178
755 334
402 315
296 497
71 469
152 200
89 815
890 42
377 592
431 183
931 250
191 496
410 763
530 113
519 527
329 190
529 740
953 2
118 310
159 134
88 5
887 570
605 929
440 267
378 401
361 801
487 761
939 915
154 89
202 262
614 665
107 548
150 181
283 128
397 920
858 586
826 152
45 956
853 579
831 174
475 722
366 424
406 628
680 186
371 124
767 379
641 143
942 311
839 360
853 755
952 273
990 485
131 942
536 703
51 33
881 575
606 454
534 16
512 81
100 276
15 946
3 844
730 240
90 232
836 664
866 51
124 386
900 9
130 423
760 521
944 942
637 161
187 0
423 542
216 98
733 572
232 626
198 867
901 746
804 569
779 523
839 186
956 415
914 767
723 781
485 38
968 293
932 443
531 899
211 835
374 114
261 407
560 412
186 113
616 851
762 861
115 173
702 732
933 598
289 85
363 275
581 253
15 261
119 249
642 156
169 964
194 387
318 511
232 376
535 826
561 188
778 793
319 405
711 19
742 124
849 851
622 728
947 622
250 583
369 21
906 270
813 427
773 143
331 196
327 594
134 683
179 575
314 964
223 148
765 686
996 799
230 724
959 485
689 652
305 508
696 262
611 384
469 136
381 34
930 683
791 566
566 572
230 670
686 904
371 828
715 666
37 371
274 743
653 188
750 424
388 84
340 18
228 368
222 840
23 484
368 13
62 928
400 322
756 712
289 617
852 368
157 192
100 670
70 860
245 578
801 709
992 864
77 656
187 66
623 437
227 506
835 112
460 588
266 13
149 173
677 272
677 503
803 418
395 544
322 173
783 161
82 93
502 247
503 564
764 7
891 784
96 309
137 632
236 261
936 485
937 982
794 396
179 571
302 757
463 180
354 535
241 38
316 229
767 804
107 225
669 543
122 305
301 25
932 782
541 398
73 397
711 135
31 183
75 327
734 893
451 252
275 28
897 37
555 405
683 969
781 78
658 60
665 383
580 38
102 624
789 824
628 222
280 820
990 451
41 512
758 32
744 616
123 824
791 525
565 125
726 677
381 40
833 462
823 862
207 609
572 958
85 759
485 969
727 687
786 439
582 132
131 783
619 806
10 198
348 703
27 351
569 845
772 234
637 212
711 395
886 521
245 691
998 107
532 863
949 803
87 82
640 882
573 244
135 113
221 877
407 516
20 659
357 786
533 721
645 424
26 906
957 834
858 821
223 731
39 949
183 52
554 916
30 207
837 201
210 267
968 364
217 441
935 878
643 449
832 664
60 569
111 278
879 800
627 23
219 41
999 174
277 138
415 7
891 412
479 523
977 388
843 908
694 506
866 917
815 164
445 264
983 896
858 615
658 67
185 811
753 975
488 780
536 177
190 145
614 835
260 344
319 791
957 536
528 228
838 598
501 522
889 36
921 476
823 830
700 458
997 601
743 721
585 987
904 190
55 571
487 888
439 438
304 857
663 26
105 552
556 457
994 485
876 923
384 159
114 728
551 420
230 975
118 17
732 574
721 233
305 718
341 21
384 640
130 840
12 555
599 720
647 452
370 429
769 829
4 328
965 902
445 217
692 190
89 84
793 94
602 971
877 979
915 77
261 467
585 20
36 603
250 975
457 609
849 781
439 976
749 910
573 540
540 970
16 454
214 639
982 886
271 270
11 965
81 225
588 33
566 187
460 528
327 147
405 0
406 244
184 917
419 947
764 751
714 858
487 506
637 250
647 256
281 556
855 800
960 285
19 792
62 723
940 428
766 339
860 715
940 32
786 460
47 799
169 484
807 12
708 750
386 90
612 986
158 218
971 443
860 550
751 625
876 656
813 548
726 242
338 404
452 95
614 747
830 510
525 45
184 363
438 499
97 102
200 262
98 216
389 199
548 709
436 180
42 639
443 326
931 195
75 684
514 889
987 413
374 644
993 942
518 974
44 105
239 222
389 632
247 13
118 96
728 806
45 65
910 669
502 577
218 358
444 788
809 558
285 457
572 158
452 934
106 976
639 439
870 858
126 531
535 879
747 287
307 659
129 77
995 534
34 814
519 650
318 688
648 313
512 940
915 606
893 90
293 415
33 867
373 660
713 671
699 665
502 958
357 544
609 251
307 664
429 632
355 737
448 205
260 147
677 375
332 287
596 440
179 54
681 682
210 647
710 887
888 346
164 183
304 172
122 205
638 608
507 222
50 179
206 815
338 170
725 702
990 985
711 826
178 244
909 52
42 983
518 185
754 533
73 658
831 712
131 293
336 327
199 389
294 872
737 652
938 26
40 945
927 437
727 424
998 930
352 392
623 665
284 74
210 751
727 48
729 412
40 456
168 217
257 935
19 320
176 152
635 893
331 387
184 640
898 704
21 157
351 385
166 374
531 116
718 212
485 660
894 762
647 595
596 36
999 639
576 58
795 601
244 278
208 133
910 37
396 387
855 707
199 855
387 261
342 471
838 87
226 319
585 635
251 589
409 531
362 659
137 866
380 669
267 324
523 717
561 259
404 471
886 956
341 432
193 494
207 57
199 86
603 413
941 207
858 226
893 555
781 517
229 371
24 892
602 775
216 975
282 751
74 222
796 942
749 668
542 885
842 200
460 180
15 882
812 438
725 962
44 51
941 456
997 72
80 535
132 598
833 556
21 571
367 361
415 559
170 88
75 820
101 407
310 821
245 734
299 783
492 520
448 757
302 927
192 937
216 553
592 258
221 182
785 982
970 876
259 719
652 530
172 383
813 166
986 709
471 756
561 72
318 53
626 461
66 453
621 686
158 780
406 462
319 324
534 571
267 344
907 582
458 693
148 865
264 424
929 61
220 83
313 972
833 540
846 352
456 551
587 603
298 592
849 807
897 552
106 873
230 127
772 711
433 151
293 364
517 801
198 293
775 830
655 48
106 911
454 947
911 565
162 842
857 158
916 890
339 213
624 526
332 760
677 430
13 526
365 548
207 943
425 709
707 500
995 155
207 470
141 954
254 383
703 491
136 439
234 792
97 359
468 72
749 230
666 611
438 357
487 941
466 227
898 336
916 741
884 40
768 709
445 870
568 127
249 813
228 239
219 12
293 570
706 169
594 500
634 662
17 389
45 857
794 704
391 268
689 990
526 251
734 412
258 98
319 452
58 218
560 990
400 657
926 414
70 482
620 289
982 754
250 686
532 559
110 40
99 775
849 874
724 438
945 134
464 297
868 494
500 136
953 209
576 885
888 558
331 281
548 130
304 173
153 666
844 398
371 569
459 683
869 789
29 272
373 34
430 204
809 802
841 924
414 290
886 655
23 720
320 675
951 359
947 453
317 9
407 249
376 825
19 66
545 793
546 803
148 100
43 666
85 438
709 363
146 786
214 228
160 509
369 137
704 814
926 967
495 135
577 102
436 844
936 585
347 862
200 144
72 746
249 722
446 876
194 235
703 111
395 643
283 517
699 26
733 783
931 77
743 775
556 331
874 506
514 161
887 416
473 312
639 41
28 411
855 718
844 95
953 409
792 635
484 750
832 825
417 728
207 977
941 717
152 786
324 372
58 742
366 994
990 737
985 151
77 878
101 470
675 217
499 687
389 578
347 502
394 861
706 776
792 163
593 106
397 132
984 434
25 828
338 631
438 575
624 134
705 587
811 701
951 995
115 977
976 705
409 585
979 12
686 929
31 165
264 762
713 939
182 787
719 770
823 321
29 101
636 501
231 458
308 688
878 148
394 769
477 274
804 125
914 698
844 331
338 166
709 196
74 451
910 832
208 625
131 106
359 66
180 310
667 531
563 672
195 372
487 507
218 693
950 697
918 542
257 706
449 545
9 556
240 782
402 972
957 225
137 417
524 297
183 692
286 406
607 81
46 195
470 958
816 936
881 392
221 749
29 629
402 196
742 436
837 787
200 889
18 336
60 422
225 396
970 106
299 457
924 718
479 656
277 687
488 110
618 219
56 91
63 82
313 759
482 683
980 559
607 743
865 374
753 732
262 118
577 42
130 157
554 480
835 137
992 504
408 921
654 572
94 87
682 630
403 120
174 326
930 717
101 537
323 652
95 21
601 2
68 637
224 445
711 703
792 558
670 800
357 982
412 742
784 569
425 357
177 337
258 947
378 59
124 755
295 440
468 698
124 993
223 615
106 700
534 450
666 786
868 377
100 67
387 419
296 163
281 552
174 236
804 506
974 623
970 350
91 292
295 746
58 36
236 599
142 632
579 552
238 956
809 826
596 563
943 398
377 525
956 577
234 910
165 425
914 619
422 886
590 588
48 624
825 688
277 42
951 633
414 59
906 679
9 63
325 177
864 199
369 264
906 761
206 704
966 283
194 528
384 832
222 937
478 595
483 883
148 37
543 503
296 743
390 289
540 439
420 875
245 206
760 3
608 879
578 465
387 484
487 418
349 750
369 845
302 509
61 963
665 708
812 967
760 899
37 87
415 632
496 865
211 993
167 349
320 758
621 53
555 378
935 610
722 526
488 75
172 603
408 950
248 983
25 313
324 370
986 521
439 199
820 452
487 386
1 422
443 928
328 158
172 793
758 283
592 908
533 971
751 319
70 187
465 320
343 573
569 758
146 971
647 782
129 813
82 846
361 420
565 466
203 655
667 805
654 116
205 214
733 141
584 473
277 194
387 413
964 294
565 688
417 415
253 698
802 305
576 589
402 517
448 211
346 422
903 257
749 874
867 69
971 802
315 345
714 772
110 54
75 390
307 568
307 641
714 653
509 221
910 455
285 925
919 395
545 796
616 433
254 284
930 616
405 26
549 814
144 746
314 148
719 537
411 903
171 73
16 867
976 337
208 356
866 471
854 377
955 682
757 678
781 437
40 763
662 392
30 494
998 924
783 165
125 320
926 939
935 131
631 745
843 443
231 115
312 178
919 510
18 228
190 245
757 189
960 339
240 495
1 419
425 382
820 142
577 497
442 775
763 249
395 487
629 897
49 914
225 65
137 200
272 540
852 147
712 386
42 803
708 700
231 230
920 305
52 621
970 128
506 69
290 169
596 692
778 735
708 845
298 38
734 382
704 376
115 655
894 112
85 424
40 213
82 293
312 532
515 382
82 920
426 612
922 108
658 694
770 498
85 453
899 805
779 900
948 855
720 476
797 161
426 937
637 424
990 476
591 179
681 329
143 52
543 479
376 139
462 106
837 638
625 676
130 768
525 341
641 54
783 462
366 533
241 356
865 917
377 118
567 794
821 975
170 182
720 948
863 446
317 516
644 427
465 946
822 251
389 421
845 544
411 2
859 887
368 528
598 874
845 865
998 595
666 917
340 165
222 99
736 357
28 811
275 983
501 212
467 456
526 847
118 873
177 253
701 571
353 208
123 899
240 970
746 773
292 691
393 2
19 132
113 88
41 126
830 33
373 615
568 279
762 257
446 702
962 39
785 512
392 701
410 44
369 878
407 623
256 582
726 766
177 98
432 384
258 995
391 118
490 374
30 725
647 609
624 843
604 734
261 511
731 395
918 591
458 468
394 692
6 167
886 145
899 279
795 105
50 534
965 653
397 585
609 777
582 250
578 217
443 768
248 845
375 141
416 324
699 466
719 408
158 268
90 91
938 52
650 1
10 866
896 532
447 861
633 178
681 492
956 899
712 639
900 248
10 503
105 487
699 332
656 559
568 147
702 630
419 341
649 998
135 709
939 310
730 734
528 660
596 580
184 173
175 613
319 6
133 873
715 689
437 715
876 471
410 888
278 362
962 464
867 424
318 939
361 337
596 153
967 91
721 50
562 675
906 796
359 433
624 240
366 225
592 123
213 248
688 969
153 676
738 421
277 958
805 345
164 161
790 677
25 616
157 584
598 8
504 420
64 519
364 92
278 293
301 100
828 258
29 703
9 651
51 817
333 706
143 330
519 542
59 108
418 404
232 510
316 274
748 8
344 461
511 491
193 161
180 951
520 425
94 832
633 498
581 30
725 675
472 945
612 993
905 191
686 102
774 374
479 566
335 649
390 527
646 408
242 821
806 960
403 697
218 460
952 882
858 40
807 539
994 688
971 925
819 56
771 48
821 53
968 931
152 570
134 716
106 120
503 578
440 985
783 106
79 147
76 763
268 835
246 378
201 78
118 347
926 52
857 866
844 612
91 426
187 259
940 234
488 274
974 922
703 512
906 941
172 506
548 62
129 411
496 885
406 110
68 657
826 733
361 193
459 660
329 654
168 160
425 320
597 992
189 696
292 312
408 189
241 141
841 233
265 802
787 424
653 658
877 696
287 388
437 445
782 792
674 481
564 895
849 810
810 446
60 603
460 715
42 262
779 868
856 555
397 292
497 940
711 558
255 414
667 8
272 239
468 67
950 838
536 919
349 638
741 284
788 495
563 378
927 694
58 236
463 188
540 673
183 753
707 270
90 401
673 133
262 64
192 505
417 254
256 356
583 74
579 374
807 417
863 757
823 445
666 488
587 156
966 363
713 213
407 760
246 428
112 736
940 375
350 127
30 256
31 286
870 685
395 799
583 581
615 671
403 941
943 232
490 27
484 535
762 121
117 888
866 446
486 505
848 512
883 167
586 967
272 725
165 231
769 245
780 496
588 271
335 258
431 314
142 960
864 211
510 299
403 587
48 65
659 505
580 500
190 973
93 364
737 590
40 915
151 966
383 361
816 58
841 301
260 237
61 589
360 404
146 244
948 785
130 519
76 459
423 180
895 783
483 839
397 860
369 977
820 478
734 682
736 181
113 628
78 718
846 24
569 740
452 43
707 62
180 878
647 841
264 612
94 237
531 453
267 708
124 860
49 673
56 81
354 626
95 79
680 398
179 127
208 823
90 641
37 299
526 451
769 789
131 497
241 974
75 332
535 448
759 753
636 396
772 801
759 24
858 536
441 780
378 614
567 664
955 466
163 112
709 231
94 557
428 161
816 215
692 483
501 729
917 444
86 516
866 30
545 146
54 814
245 764
127 679
736 439
577 876
995 355
656 537
567 61
268 899
888 992
405 860
699 850
548 932
630 354
622 206
310 463
683 658
468 281
349 620
982 940
18 220
389 55
509 348
884 833
630 289
275 519
392 377
166 146
961 490
759 362
505 398
420 782
359 921
207 85
747 77
771 275
731 481
33 771
812 848
918 889
18 158
0 357
117 988
436 146
887 449
523 108
725 414
816 679
73 890
899 785
601 285
391 420
802 302
499 743
748 407
900 594
223 437
842 997
109 663
168 463
648 618
134 458
512 600
103 775
317 100
499 431
550 177
203 708
261 702
722 506
394 790
392 523
401 15
816 78
642 598
929 233
976 674
874 98
745 219
583 360
697 41
603 296
325 640
800 246
244 899
592 254
450 283
534 103
229 539
892 723
183 770
599 381
654 927
393 795
942 507
280 382
501 117
351 659
482 588
112 105
644 456
39 596
301 139
783 168
882 977
275 299
820 442
735 674
738 12
168 978
776 176
796 744
194 873
416 580
769 626
921 990
773 156
756 112
104 74
269 153
247 52
586 336
709 773
144 741
328 979
17 48
682 125
613 135
850 36
618 732
845 168
362 840
492 490
641 718
604 415
454 844
193 866
106 850
123 932
305 298
214 340
857 668
194 112
163 10
271 287
935 97
45 49
987 686
240 338
336 616
776 713
74 462
11 425
933 636
903 223
810 855
335 618
384 55
430 275
808 720
992 598
375 286
912 953
162 871
837 262
39 53
761 822
99 527
791 385
25 524
853 983
