1000
0
1
2
3
4
5
6
7
8
9
10
11
12
13
14
15
16
17
18
19
20
21
22
23
24
25
26
27
28
29
30
31
32
33
34
35
36
37
38
39
40
41
42
43
44
45
46
47
48
49
50
51
52
53
54
55
56
57
58
59
60
61
62
63
64
65
66
67
68
69
70
71
72
73
74
75
76
77
78
79
80
81
82
83
84
85
86
87
88
89
90
91
92
93
94
95
96
97
98
99
100
101
102
103
104
105
106
107
108
109
110
111
112
113
114
115
116
117
118
119
120
121
122
123
124
125
126
127
128
129
130
131
132
133
134
135
136
137
138
139
140
141
142
143
144
145
146
147
148
149
150
151
152
153
154
155
156
157
158
159
160
161
162
163
164
165
166
167
168
169
170
171
172
173
174
175
176
177
178
179
180
181
182
183
184
185
186
187
188
189
190
191
192
193
194
195
196
197
198
199
200
201
202
203
204
205
206
207
208
209
210
211
212
213
214
215
216
217
218
219
220
221
222
223
224
225
226
227
228
229
230
231
232
233
234
235
236
237
238
239
240
241
242
243
244
245
246
247
248
249
250
251
252
253
254
255
256
257
258
259
260
261
262
263
264
265
266
267
268
269
270
271
272
273
274
275
276
277
278
279
280
281
282
283
284
285
286
287
288
289
290
291
292
293
294
295
296
297
298
299
300
301
302
303
304
305
306
307
308
309
310
311
312
313
314
315
316
317
318
319
320
321
322
323
324
325
326
327
328
329
330
331
332
333
334
335
336
337
338
339
340
341
342
343
344
345
346
347
348
349
350
351
352
353
354
355
356
357
358
359
360
361
362
363
364
365
366
367
368
369
370
371
372
373
374
375
376
377
378
379
380
381
382
383
384
385
386
387
388
389
390
391
392
393
394
395
396
397
398
399
400
401
402
403
404
405
406
407
408
409
410
411
412
413
414
415
416
417
418
419
420
421
422
423
424
425
426
427
428
429
430
431
432
433
434
435
436
437
438
439
440
441
442
443
444
445
446
447
448
449
450
451
452
453
454
455
456
457
458
459
460
461
462
463
464
465
466
467
468
469
470
471
472
473
474
475
476
477
478
479
480
481
482
483
484
485
486
487
488
489
490
491
492
493
494
495
496
497
498
499
500
501
502
503
504
505
506
507
508
509
510
511
512
513
514
515
516
517
518
519
520
521
522
523
524
525
526
527
528
529
530
531
532
533
534
535
536
537
538
539
540
541
542
543
544
545
546
547
548
549
550
551
552
553
554
555
556
557
558
559
560
561
562
563
564
565
566
567
568
569
570
571
572
573
574
575
576
577
578
579
580
581
582
583
584
585
586
587
588
589
590
591
592
593
594
595
596
597
598
599
600
601
602
603
604
605
606
607
608
609
610
611
612
613
614
615
616
617
618
619
620
621
622
623
624
625
626
627
628
629
630
631
632
633
634
635
636
637
638
639
640
641
642
643
644
645
646
647
648
649
650
651
652
653
654
655
656
657
658
659
660
661
662
663
664
665
666
667
668
669
670
671
672
673
674
675
676
677
678
679
680
681
682
683
684
685
686
687
688
689
690
691
692
693
694
695
696
697
698
699
700
701
702
703
704
705
706
707
708
709
710
711
712
713
714
715
716
717
718
719
720
721
722
723
724
725
726
727
728
729
730
731
732
733
734
735
736
737
738
739
740
741
742
743
744
745
746
747
748
749
750
751
752
753
754
755
756
757
758
759
760
761
762
763
764
765
766
767
768
769
770
771
772
773
774
775
776
777
778
779
780
781
782
783
784
785
786
787
788
789
790
791
792
793
794
795
796
797
798
799
800
801
802
803
804
805
806
807
808
809
810
811
812
813
814
815
816
817
818
819
820
821
822
823
824
825
826
827
828
829
830
831
832
833
834
835
836
837
838
839
840
841
842
843
844
845
846
847
848
849
850
851
852
853
854
855
856
857
858
859
860
861
862
863
864
865
866
867
868
869
870
871
872
873
874
875
876
877
878
879
880
881
882
883
884
885
886
887
888
889
890
891
892
893
894
895
896
897
898
899
900
901
902
903
904
905
906
907
908
909
910
911
912
913
914
915
916
917
918
919
920
921
922
923
924
925
926
927
928
929
930
931
932
933
934
935
936
937
938
939
940
941
942
943
944
945
946
947
948
949
950
951
952
953
954
955
956
957
958
959
960
961
962
963
964
965
966
967
968
969
970
971
972
973
974
975
976
977
978
979
980
981
982
983
984
985
986
987
988
989
990
991
992
993
994
995
996
997
998
999
1000
24 812
728 938
812 503
168 500
154 592
895 730
266 895
423 487
558 232
851 779
602 599
6 118
27 919
531 825
735 239
610 282
82 682
477 667
747 746
790 865
702 211
619 311
94 87
349 112
918 370
85 112
593 469
342 461
534 75
955 158
654 472
74 740
468 70
966 848
227 167
994 57
300 420
249 11
969 521
824 870
582 774
164 851
111 226
668 837
719 532
612 159
247 322
8 704
269 911
254 837
730 804
359 619
923 679
527 79
10 928
366 128
363 355
235 798
95 511
883 447
889 310
3 714
422 32
739 13
122 769
132 504
523 343
733 903
138 17
649 744
96 775
592 145
854 232
377 492
38 513
108 29
126 499
820 57
38 488
950 774
583 453
2 233
958 361
80 860
158 193
580 782
755 114
987 323
884 107
174 764
554 843
329 785
262 991
770 875
927 876
946 697
874 944
369 29
949 0
246 92
395 992
929 307
86 505
649 914
284 711
997 133
549 731
450 249
71 158
93 340
18 208
623 304
772 722
800 729
316 695
391 502
436 0
99 814
604 851
529 262
204 213
404 159
433 961
427 145
882 845
318 777
816 708
881 276
261 560
253 392
895 97
927 39
779 317
494 636
858 822
569 869
691 244
120 991
970 388
674 155
357 383
294 765
373 317
947 257
233 206
100 327
463 650
782 438
202 235
222 905
339 289
807 851
881 490
237 229
89 113
417 947
157 392
29 778
947 752
489 338
756 65
700 262
719 146
586 598
235 367
191 4
293 264
187 518
176 561
359 464
881 995
337 19
536 310
214 429
2 50
585 690
183 223
331 854
877 293
450 599
113 593
893 808
720 503
855 74
529 984
583 608
545 269
987 604
849 954
21 585
116 584
39 224
869 1
647 547
856 120
408 234
19 521
722 204
747 387
210 814
555 798
569 139
910 920
963 221
438 855
584 476
643 183
888 708
671 575
12 648
586 80
496 682
367 892
970 617
640 242
243 537
692 156
831 949
115 194
773 158
840 929
828 968
179 625
912 513
662 499
981 233
143 685
883 400
808 469
870 418
616 606
31 325
397 718
344 996
550 272
329 138
512 356
359 554
254 441
979 920
188 281
934 766
817 190
433 879
405 838
280 327
776 451
708 495
58 948
713 833
347 218
849 272
248 731
822 434
666 635
278 65
629 761
278 412
576 520
509 968
902 396
909 944
963 119
714 422
101 544
667 368
16 375
410 820
997 487
407 632
85 196
573 662
245 914
874 779
585 888
440 902
980 12
62 711
280 185
340 720
68 54
313 972
286 201
499 19
144 752
912 518
741 259
163 596
279 695
281 567
572 201
126 719
373 827
528 626
353 113
231 413
408 803
576 924
873 437
332 491
471 346
7 966
371 162
535 76
192 808
702 851
169 14
471 452
36 588
130 61
247 298
350 466
169 739
257 138
336 969
772 875
532 198
55 816
559 218
840 235
157 388
580 102
116 732
641 127
462 100
85 773
280 223
0 133
736 581
184 636
767 909
857 110
645 898
343 464
783 582
97 705
944 954
665 251
894 170
586 89
120 707
578 959
716 999
367 197
13 352
228 260
262 954
824 707
612 928
526 371
167 802
965 686
223 527
281 57
345 903
92 625
548 122
169 191
954 337
662 939
503 893
308 114
459 602
527 583
170 611
328 691
792 599
921 241
54 408
563 716
3 191
225 455
529 52
867 784
554 822
912 808
620 369
997 294
906 472
589 962
283 629
837 314
966 444
722 890
298 337
266 537
618 18
201 405
692 848
721 627
904 499
273 809
730 753
450 181
802 498
992 953
832 178
446 689
501 124
907 375
654 732
323 445
505 140
776 605
591 925
815 764
207 520
356 997
92 236
260 487
240 189
272 444
401 806
99 917
205 828
784 292
258 527
864 583
837 204
154 153
767 774
219 75
454 580
453 963
769 530
605 832
330 445
819 452
864 162
552 397
107 349
561 312
516 632
255 951
519 643
707 632
624 895
896 58
1 639
758 993
288 202
179 822
370 15
153 70
631 58
802 847
306 602
938 918
759 494
515 208
83 604
701 435
489 928
159 947
913 105
260 413
881 599
55 896
424 274
626 743
85 505
464 334
601 545
859 247
758 205
616 321
91 627
357 856
679 845
945 190
6 78
914 119
938 438
527 528
387 817
680 443
225 142
681 176
453 832
946 831
448 401
312 553
377 671
513 957
368 796
567 805
466 866
208 849
742 179
479 170
533 675
410 358
118 576
50 614
621 459
147 340
992 181
597 309
23 981
710 806
186 307
874 98
201 360
449 935
965 462
328 629
318 759
570 606
750 151
993 759
83 28
80 26
571 96
539 587
635 266
986 209
257 290
399 864
339 919
907 117
896 671
565 515
609 156
898 330
48 604
287 460
196 193
504 198
463 288
622 954
463 288
932 441
490 295
206 598
146 76
350 538
242 983
828 5
351 885
545 661
988 477
231 672
977 411
169 532
659 655
457 662
174 218
624 616
266 718
715 277
695 859
919 515
422 529
445 117
93 330
204 624
716 213
667 939
382 101
642 13
197 647
80 112
237 533
712 146
21 466
342 64
785 703
22 794
283 447
688 296
10 412
41 170
831 221
229 145
851 682
586 812
597 348
24 417
877 427
904 323
276 108
768 574
689 523
37 815
367 825
808 4
867 509
904 346
205 254
73 66
97 751
859 457
909 244
862 872
134 444
116 853
368 750
123 963
103 578
683 228
630 651
636 528
930 99
940 374
660 887
706 786
150 578
756 775
976 459
585 577
558 311
826 524
223 329
42 334
360 541
935 460
362 439
425 617
88 548
777 9
896 352
919 504
389 320
966 543
349 713
374 160
172 445
944 102
979 934
48 331
29 805
554 375
981 156
430 920
266 4
548 574
436 367
619 613
564 884
65 910
769 19
385 4
468 259
809 744
811 991
271 931
921 731
979 624
67 38
4 591
471 92
886 220
19 98
367 609
912 557
973 550
53 38
896 929
102 419
884 643
832 153
576 103
654 261
191 913
88 716
317 761
703 374
701 909
505 218
34 589
553 37
844 522
13 505
141 182
380 935
196 2
455 650
286 336
683 959
383 979
824 302
211 49
155 679
827 817
552 829
79 988
74 332
54 239
25 465
720 115
433 366
9 429
878 229
965 985
845 767
857 482
646 654
260 198
566 986
609 534
856 914
175 585
629 749
393 189
151 821
744 715
583 423
103 566
781 357
611 314
55 417
420 426
228 845
546 767
408 517
410 536
851 787
729 603
852 242
543 740
638 596
458 385
784 317
245 754
497 450
761 278
767 245
495 620
275 786
413 423
409 540
719 23
662 38
706 145
504 656
981 690
171 335
167 514
327 755
719 869
247 714
472 378
678 158
691 706
558 34
456 407
930 543
392 9
898 756
256 353
393 274
243 288
828 737
867 760
499 500
445 755
127 96
157 504
484 817
945 728
688 693
398 22
422 631
511 903
110 796
878 362
995 856
875 806
618 819
218 519
285 798
28 501
980 200
739 226
649 251
386 221
774 351
379 985
724 374
193 943
309 258
112 186
358 28
80 208
878 736
77 79
401 760
795 185
351 929
560 315
637 987
111 883
776 997
119 422
242 137
869 404
643 646
163 750
293 57
716 706
990 371
108 802
13 61
267 346
126 283
702 974
318 660
43 144
697 272
31 247
420 939
966 642
439 811
915 794
667 948
767 220
50 858
105 120
387 852
939 54
644 871
140 900
537 756
222 852
242 182
523 250
93 147
915 799
407 377
172 296
362 178
823 983
217 722
855 699
713 187
329 294
432 66
274 49
908 943
232 258
889 782
895 531
58 121
548 564
964 388
687 653
865 963
747 5
111 43
369 457
157 612
942 983
839 362
983 309
45 803
380 701
678 105
966 896
907 904
734 645
270 238
952 946
139 42
359 784
363 891
176 486
187 515
701 234
748 95
552 576
541 538
848 261
966 686
126 662
832 562
996 355
466 625
695 128
963 354
366 476
686 670
434 895
526 836
620 847
838 404
479 67
362 662
653 834
431 504
477 577
315 511
195 916
332 492
601 63
704 566
253 78
703 809
848 938
857 255
13 981
988 654
72 741
775 90
217 663
103 250
394 985
373 394
571 755
98 520
665 413
209 189
974 363
957 806
196 422
573 934
70 787
76 636
492 757
531 448
223 539
885 253
208 873
326 48
565 790
191 617
29 328
802 196
420 160
680 818
222 933
738 894
33 555
303 865
541 206
655 441
714 863
748 865
222 950
740 280
747 163
327 187
305 446
79 920
172 697
995 76
234 632
650 249
788 710
574 798
906 554
86 54
870 21
646 221
93 928
798 814
542 951
414 199
87 6
198 959
757 962
387 447
209 313
978 950
769 13
144 326
558 362
894 497
386 220
449 424
553 705
551 303
784 313
176 188
427 886
614 810
841 875
803 145
676 983
321 432
381 942
366 600
401 182
46 833
425 537
539 267
261 494
125 114
100 297
822 165
283 723
528 609
908 780
909 569
55 394
586 94
578 846
700 36
53 624
346 424
624 774
